1373476178 0 0 0 0 0 0 0 0 0 0 0 4 0 0
1373495022 0 4964 0 0 0 0 0 0 0 0 0 4 0 0
1373565429 0 5002 0 0 0 0 0 0 0 0 0 4 0 0
1373650361 0 5209 0 0 0 0 0 0 0 0 0 4 0 0
1374101657 0 5325 0 0 0 0 0 0 0 0 0 4 0 0
1374181416 0 5354 0 0 0 0 0 0 0 0 0 4 0 0
1374187007 0 5388 0 0 0 0 0 0 0 0 0 4 0 0
1374189352 0 5394 0 0 0 0 0 0 0 0 0 4 0 0
1374249746 0 5394 0 0 0 0 0 0 0 0 0 4 0 0
1374532118 0 5402 0 0 0 0 0 0 0 0 0 4 0 0
1374602847 0 5421 0 0 0 0 0 0 0 0 0 4 0 0
1374680192 0 5428 0 0 0 0 0 0 0 0 0 4 0 0
1374681251 0 5428 0 0 0 0 0 0 0 0 0 4 0 0
1374706492 0 5674 0 0 0 0 0 0 0 0 0 4 0 0
1374709842 0 5693 0 0 0 0 0 0 0 0 0 4 0 0
1374788973 0 5714 0 0 0 0 0 0 0 0 0 4 0 0
1374793667 0 5734 0 0 0 0 0 0 0 0 0 4 0 0
1375030975 0 5748 0 0 0 0 0 0 0 0 0 4 0 0
1375121378 0 5750 0 0 0 0 0 0 0 0 0 4 0 0
1375317346 0 5759 0 0 0 0 0 0 0 0 0 4 0 0
1375473183 0 5831 0 0 0 0 0 0 0 0 0 4 0 0
1375826768 0 5880 0 0 0 0 0 0 0 0 0 4 0 0
1375999183 0 5943 0 0 0 0 0 0 0 0 0 4 0 0
1376097063 0 6181 0 0 0 0 0 0 0 0 0 4 0 0
1376325403 0 6182 0 0 0 0 0 0 0 0 0 4 0 0
1376341396 0 6275 0 0 0 0 0 0 0 0 0 4 0 0
1376358094 0 6340 0 0 0 0 0 0 0 0 0 4 0 0
1376412065 0 6341 0 0 0 0 0 0 0 0 0 4 0 0
1376413584 0 6341 0 0 0 0 0 0 0 0 0 4 0 0
1376414908 0 6393 0 0 0 0 0 0 0 0 0 4 0 0
1376414956 0 6393 0 0 0 0 0 0 0 0 0 4 0 0
1376691152 0 6561 0 0 0 0 0 0 0 0 0 4 0 0
1377021588 0 6563 0 0 0 0 0 0 0 0 0 4 0 0
1377028333 0 6586 0 0 0 0 0 0 0 0 0 4 0 0
1377106079 0 6601 0 0 0 0 0 0 0 0 0 4 0 0
1377111802 0 6708 0 0 0 0 0 0 0 0 0 4 0 0
1377193245 0 6737 0 0 0 0 0 0 0 0 0 4 0 0
1377215062 0 6744 0 0 0 0 0 0 0 0 0 4 0 0
1377792509 0 7161 0 0 0 0 0 0 0 0 0 4 0 0
1377905263 0 7342 0 0 0 0 0 0 0 0 0 4 0 0
1378308675 0 7778 0 0 0 0 0 0 0 0 0 4 0 0
1378328681 0 7927 0 0 0 0 0 0 0 0 0 4 0 0
1378328973 0 7927 0 0 0 0 0 0 0 0 0 4 0 0
1378395821 0 7950 0 0 0 0 0 0 0 0 0 4 0 0
1378425489 0 8099 0 0 0 0 0 0 0 0 0 4 0 0
1378510662 0 8233 0 0 0 0 0 0 0 0 0 4 0 0
1378582912 0 8306 0 0 0 0 0 0 0 0 0 4 0 0
1378681919 0 8328 0 0 0 0 0 0 0 0 0 4 0 0
1378755502 0 8389 0 0 0 0 0 0 0 0 0 4 0 0
1378838196 0 8393 0 0 0 0 0 0 0 0 0 4 0 0
1378839887 0 8397 0 0 0 0 0 0 0 0 0 4 0 0
1379011977 5 8397 0 0 0 0 0 0 0 0 0 4 0 0
1379014508 14 8397 0 0 0 0 0 0 0 0 0 4 0 0
1379546731 75 8397 0 0 0 0 0 0 0 0 0 4 0 0
1380125975 102 8397 0 0 0 0 0 0 0 0 0 4 0 0
1380130471 102 8397 0 0 0 0 0 0 0 0 0 4 0 0
1380149139 121 8397 0 0 0 0 0 0 0 0 0 4 0 0
1380193081 156 8397 0 0 0 0 0 0 0 0 0 4 0 0
1380214241 238 8397 0 0 0 0 0 0 0 0 0 4 0 0
1380216374 247 8397 0 0 0 0 0 0 0 0 0 4 0 0
1380219835 302 8397 0 0 0 0 0 0 0 0 0 4 0 0
1380220395 307 8397 0 0 0 0 0 0 0 0 0 4 0 0
1380271731 334 8397 0 0 0 0 0 0 0 0 0 4 0 0
1380272483 366 8397 0 0 0 0 0 0 0 0 0 4 0 0
1380277368 386 8397 0 0 0 0 0 0 0 0 0 4 0 0
1380285480 448 8397 0 0 0 0 0 0 0 0 0 4 0 0
1380285657 510 8397 0 0 0 0 0 0 0 0 0 4 0 0
1380292241 561 8397 0 0 0 0 0 0 0 0 0 4 0 0
1380323395 638 8397 0 0 0 0 0 0 0 0 0 4 0 0
1380324231 659 8397 0 0 0 0 0 0 0 0 0 4 0 0
1380610300 708 8397 0 0 0 0 0 0 0 0 0 4 0 0
1380614293 774 8397 0 0 0 0 0 0 0 0 0 4 0 0
1380617676 776 8397 0 0 0 0 0 0 0 0 0 4 0 0
1380626138 833 8397 0 0 0 0 0 0 0 0 0 4 0 0
1380692963 850 8397 0 0 0 0 0 0 0 0 0 4 0 0
1380709938 943 8397 0 0 0 0 0 0 0 0 0 4 0 0
1380738028 943 8399 0 0 0 0 0 0 0 0 0 4 0 0
1380738118 943 8399 0 0 0 0 0 0 0 0 0 4 0 0
1380747192 997 8399 0 0 0 0 0 0 0 0 0 4 0 0
1380747234 997 8399 0 0 0 0 0 0 0 0 0 4 0 0
1380812823 1257 8399 0 0 0 0 0 0 0 0 0 4 0 0
1380819080 1293 8399 0 0 0 0 0 0 0 0 0 4 0 0
1380827111 1293 8407 0 0 0 0 0 0 0 0 0 4 0 0
1380829779 1294 8407 0 0 0 0 0 0 0 0 0 4 0 0
1380834894 1355 8407 0 0 0 0 0 0 0 0 0 4 0 0
1380885662 1420 8407 0 0 0 0 0 0 0 0 0 4 0 0
1380892444 1487 8407 0 0 0 0 0 0 0 0 0 4 0 0
1380907529 1487 8416 0 0 0 0 0 0 0 0 0 4 0 0
1380907644 1487 8416 0 0 0 0 0 0 0 0 0 4 0 0
1381145767 1533 8416 0 0 0 0 0 0 0 0 0 4 0 0
1381147265 1533 8416 0 0 0 0 0 0 0 0 0 4 0 0
1381172340 1656 8416 0 0 0 0 0 0 0 0 0 4 0 0
1381221958 1657 8416 0 0 0 0 0 0 0 0 0 4 0 0
1381234291 1786 8416 0 0 0 0 0 0 0 0 0 4 0 0
1381254766 1815 8416 0 0 0 0 0 0 0 0 0 4 0 0
1381259986 1899 8416 0 0 0 0 0 0 0 0 0 4 0 0
1381268333 1953 8416 0 0 0 0 0 0 0 0 0 4 0 0
1381303244 1955 8416 0 0 0 0 0 0 0 0 0 4 0 0
1381307936 1965 8416 0 0 0 0 0 0 0 0 0 4 0 0
1381314917 2038 8416 0 0 0 0 0 0 0 0 0 4 0 0
1381328482 2055 8416 0 0 0 0 0 0 0 0 0 4 0 0
1381330001 2071 8416 0 0 0 0 0 0 0 0 0 4 0 0
1381331944 2081 8416 0 0 0 0 0 0 0 0 0 4 0 0
1381332508 2097 8416 0 0 0 0 0 0 0 0 0 4 0 0
1381404638 2157 8416 0 0 0 0 0 0 0 0 0 4 0 0
1381425463 2162 8416 0 0 0 0 0 0 0 0 0 4 0 0
1381497219 2166 8416 0 0 0 0 0 0 0 0 0 4 0 0
1381740582 2234 8416 0 0 0 0 0 0 0 0 0 4 0 0
1382013686 2239 8416 0 0 0 0 0 0 0 0 0 4 0 0
1382013779 2239 8416 0 0 0 0 0 0 0 0 0 4 0 0
1382013913 2239 8416 0 0 0 0 0 0 0 0 0 4 0 0
1382135688 2239 8417 0 0 0 0 0 0 0 0 0 4 0 0
1382140527 2239 8417 0 0 0 0 0 0 0 0 0 4 0 0
1382184614 2248 8417 0 0 0 0 0 0 0 0 0 4 0 0
1382187092 2249 8417 0 0 0 0 0 0 0 0 0 4 0 0
1382200596 2251 8417 0 0 0 0 0 0 0 0 0 4 0 0
1382202578 2279 8417 0 0 0 0 0 0 0 0 0 4 0 0
1382216164 2447 8417 0 0 0 0 0 0 0 0 0 4 0 0
1382218976 2470 8417 0 0 0 0 0 0 0 0 0 4 0 0
1382219530 2560 8417 0 0 0 0 0 0 0 0 0 4 0 0
1382220390 2565 8417 0 0 0 0 0 0 0 0 0 4 0 0
1382439322 2588 8417 0 0 0 0 0 0 0 0 0 4 0 0
1382439536 2588 8417 0 0 0 0 0 0 0 0 0 4 0 0
1382466725 2955 8417 0 0 0 0 0 0 0 0 0 4 0 0
1382466861 2955 8420 0 0 0 0 0 0 0 0 0 4 0 0
1382466873 2955 8420 0 0 0 0 0 0 0 0 0 4 0 0
1382472701 2967 8420 0 0 0 0 0 0 0 0 0 4 0 0
1382473884 2967 8421 0 0 0 0 0 0 0 0 0 4 0 0
1382473892 2967 8421 0 0 0 0 0 0 0 0 0 4 0 0
1382533480 2972 8421 0 0 0 0 0 0 0 0 0 4 0 0
1382536048 2994 8421 0 0 0 0 0 0 0 0 0 4 0 0
1382566835 3015 8421 0 0 0 0 0 0 0 0 0 4 0 0
1382886673 3017 8421 0 0 0 0 0 0 0 0 0 4 0 0
1383612195 3017 8421 1476 0 0 0 0 0 0 0 0 4 0 0
1383612213 3017 8421 1481 0 0 0 0 0 0 0 0 4 0 0
1383689501 3017 8421 1486 0 0 0 0 0 0 0 0 4 0 0
1383689551 3017 8421 1487 0 0 0 0 0 0 0 0 4 0 0
1383689580 3017 8421 1880 0 0 0 0 0 0 0 0 4 0 0
1383780078 3049 8421 1880 0 0 0 0 0 0 0 0 4 0 0
1383853555 3049 8421 1891 0 0 0 0 0 0 0 0 4 0 0
1383853631 3049 8421 1897 0 0 0 0 0 0 0 0 4 0 0
1383910786 3156 8421 1897 0 0 0 0 0 0 0 0 4 0 0
1383913168 3169 8421 1897 0 0 0 0 0 0 0 0 4 0 0
1383919620 3215 8421 1897 0 0 0 0 0 0 0 0 4 0 0
1383920604 3245 8421 1897 0 0 0 0 0 0 0 0 4 0 0
1383921067 3249 8421 1897 0 0 0 0 0 0 0 0 4 0 0
1383922808 3278 8421 1897 0 0 0 0 0 0 0 0 4 0 0
1383926849 3300 8421 1897 0 0 0 0 0 0 0 0 4 0 0
1383934436 3338 8421 1897 0 0 0 0 0 0 0 0 4 0 0
1383936095 3338 8421 1903 0 0 0 0 0 0 0 0 4 0 0
1383936249 3338 8421 1911 0 0 0 0 0 0 0 0 4 0 0
1383937037 3368 8421 1911 0 0 0 0 0 0 0 0 4 0 0
1383948866 3368 8421 1912 0 0 0 0 0 0 0 0 4 0 0
1384016304 3555 8421 1912 0 0 0 0 0 0 0 0 4 0 0
1384113963 3555 8421 1912 0 0 0 0 0 0 0 0 4 0 0
1384283254 3555 8422 1912 0 0 0 0 0 0 0 0 4 0 0
1384454187 3555 8422 1917 0 0 0 0 0 0 0 0 4 0 0
1384815797 3555 8422 1951 0 0 0 0 0 0 0 0 4 0 0
1384816308 3555 8422 1951 0 0 0 0 0 0 0 0 4 0 0
1384816433 3555 8422 1951 0 0 0 0 0 0 0 0 4 0 0
1384975553 3555 8606 1951 0 0 0 0 0 0 0 0 4 0 0
1384982032 3555 8606 2000 0 0 0 0 0 0 0 0 4 0 0
1384982735 3555 8608 2000 0 0 0 0 0 0 0 0 4 0 0
1384994505 3555 8625 2000 0 0 0 0 0 0 0 0 4 0 0
1385058795 3555 8626 2000 0 0 0 0 0 0 0 0 4 0 0
1385063956 3555 8686 2000 0 0 0 0 0 0 0 0 4 0 0
1385080167 3555 8686 2017 0 0 0 0 0 0 0 0 4 0 0
1385080534 3555 8686 2023 0 0 0 0 0 0 0 0 4 0 0
1385082160 3555 8772 2036 0 0 0 0 0 0 0 0 4 0 0
1385130247 3575 8772 2036 0 0 0 0 0 0 0 0 4 0 0
1385146428 3575 8772 2036 0 0 0 0 0 0 0 0 4 0 0
1385152265 3575 8772 2036 0 0 0 0 0 0 0 0 4 0 0
1385159406 3575 8874 2036 0 0 0 0 0 0 0 0 4 0 0
1385315724 3578 8874 2036 0 0 0 0 0 0 0 0 4 0 0
1385318354 3580 8874 2036 0 0 0 0 0 0 0 0 4 0 0
1385404646 3580 8876 2036 0 0 0 0 0 0 0 0 4 0 0
1385406584 3580 8876 2036 0 0 0 0 0 0 0 0 4 0 0
1385416931 3580 8876 2122 0 0 0 0 0 0 0 0 4 0 0
1385421748 3580 8876 2136 0 0 0 0 0 0 0 0 4 0 0
1385494373 3580 8876 2142 0 0 0 0 0 0 0 0 4 0 0
1385496615 3580 8876 2144 0 0 0 0 0 0 0 0 4 0 0
1385506873 3580 8892 2144 0 0 0 0 0 0 0 0 4 0 0
1385541198 3588 8892 2144 0 0 0 0 0 0 0 0 4 0 0
1385541212 3588 8892 2144 0 0 0 0 0 0 0 0 4 0 0
1385553388 3675 8892 2144 0 0 0 0 0 0 0 0 4 0 0
1385554005 3689 8892 2144 0 0 0 0 0 0 0 0 4 0 0
1385555289 3706 8892 2144 0 0 0 0 0 0 0 0 4 0 0
1385571245 3713 8892 2144 0 0 0 0 0 0 0 0 4 0 0
1385571880 3714 8892 2144 0 0 0 0 0 0 0 0 4 0 0
1385572531 3715 8892 2144 0 0 0 0 0 0 0 0 4 0 0
1385630843 3757 8892 2144 0 0 0 0 0 0 0 0 4 0 0
1385652533 3759 8892 2144 0 0 0 0 0 0 0 0 4 0 0
1385676221 3877 8892 2144 0 0 0 0 0 0 0 0 4 0 0
1385733652 4132 8892 2144 0 0 0 0 0 0 0 0 4 0 0
1385740199 4132 8892 2210 0 0 0 0 0 0 0 0 4 0 0
1385752771 4132 9179 2210 0 0 0 0 0 0 0 0 4 0 0
1385765852 4132 9226 2210 0 0 0 0 0 0 0 0 4 0 0
1386008941 4132 9226 2211 0 0 0 0 0 0 0 0 4 0 0
1386021922 4132 9226 2275 0 0 0 0 0 0 0 0 4 0 0
1386022537 4132 9226 2277 0 0 0 0 0 0 0 0 4 0 0
1386023582 4132 9226 2277 0 0 0 0 0 0 0 0 4 0 0
1386030504 4132 9226 2277 0 0 0 0 0 6 0 0 4 0 0
1386094881 4132 9226 2277 0 0 0 0 0 6 0 0 4 0 0
1386096172 4132 9226 2277 0 0 0 0 0 6 0 0 4 0 0
1386116383 4132 9407 2277 0 0 0 0 0 6 0 0 4 0 0
1386192408 4132 9461 2277 0 0 0 0 0 6 0 0 4 0 0
1386202805 4132 9463 2277 0 0 0 0 0 6 0 0 4 0 0
1386203717 4132 9464 2277 0 0 0 0 0 6 0 0 4 0 0
1386206025 4132 9496 2277 0 0 0 0 0 6 0 0 4 0 0
1386283578 4132 9496 2336 0 0 0 0 0 6 0 0 4 0 0
1386283605 4132 9496 2338 0 0 0 0 0 6 0 0 4 0 0
1386288891 4132 9496 2356 0 0 0 0 0 6 0 0 4 0 0
1386289480 4132 9496 2361 0 0 0 0 0 6 0 0 4 0 0
1386634817 4132 9496 2476 0 0 0 0 0 6 0 0 4 0 0
1386701969 4132 9496 2544 0 0 0 0 0 6 0 0 4 0 0
1386703774 4132 9496 2544 0 0 0 0 0 6 0 0 4 0 0
1386799874 4132 9496 2586 0 0 0 0 0 6 0 0 4 0 0
1386883398 4132 9601 2586 0 0 0 0 0 6 0 0 4 0 0
1386890836 4132 9609 2586 0 0 0 0 0 6 0 0 4 0 0
1386909548 4132 9609 2586 0 6 0 0 0 6 0 0 4 0 0
1386909559 4132 9609 2586 0 6 0 0 0 6 0 0 4 0 0
1386977014 4132 9609 2586 0 6 0 0 0 6 0 0 4 0 0
1386977949 4132 9837 2586 0 6 0 0 0 6 0 0 4 0 0
1387224015 4132 9837 2586 0 6 0 0 0 6 0 0 4 620 0
1387234811 4132 9889 2586 0 6 0 0 0 6 0 0 4 620 0
1387312790 4132 9903 2586 0 6 0 0 0 6 0 0 4 620 0
1387474371 4132 9978 2586 0 6 0 0 0 6 0 0 4 620 0
1387474518 4132 9978 2586 0 6 0 0 0 6 0 0 4 620 0
1387475059 4132 9978 2586 0 6 0 0 0 6 0 0 4 620 0
1387567443 4132 9978 2586 0 6 0 0 0 6 0 0 4 620 0
1388687288 4132 9978 2723 0 6 0 0 0 6 0 0 4 620 0
1388688574 4132 9978 2781 0 6 0 0 0 6 0 0 4 620 0
1388688686 4132 9978 2781 0 6 0 0 0 6 0 0 4 620 0
1388688921 4132 9978 2781 0 6 0 0 0 6 0 0 4 620 0
1388692273 4132 9978 2781 0 6 0 0 0 6 0 0 4 620 0
1389029023 4132 9978 2781 0 6 0 0 0 6 0 0 4 620 0
1389029173 4132 9978 2788 0 6 0 0 0 6 0 0 4 620 0
1389029991 4132 9978 2791 0 6 0 0 0 6 0 0 4 620 0
1389031839 4132 9978 2791 0 6 0 0 0 6 0 0 4 620 0
1389034582 4132 9978 2791 0 6 0 0 0 6 0 0 4 620 0
1389138526 4132 10260 2791 0 6 0 0 0 6 0 0 4 620 0
1389206723 4132 10270 2791 0 6 0 0 0 6 0 0 4 620 0
1389215043 4132 10270 2819 0 6 0 0 0 6 0 0 4 620 0
1389219706 4132 10270 2866 0 6 0 0 0 6 0 0 4 620 0
1389220696 4132 10270 2945 0 6 0 0 0 6 0 0 4 620 0
1389310047 4132 10794 2945 0 6 0 0 0 6 0 0 4 620 0
1389393864 4132 10796 2945 0 6 0 0 0 6 0 0 4 620 0
1389396357 4132 10803 2945 0 6 0 0 0 6 0 0 4 620 0
1389610825 4163 10803 2945 0 6 0 0 0 6 0 0 4 620 0
1389618410 4184 10803 2945 0 6 0 0 0 6 0 0 4 620 0
1389624506 4206 10803 2945 0 6 0 0 0 6 0 0 4 620 0
1389658672 4206 10919 2945 0 6 0 0 0 6 0 0 4 620 0
1389710982 4267 10919 2945 0 6 0 0 0 6 0 0 4 620 0
1389742290 4267 10985 2945 0 6 0 0 0 6 0 0 4 620 0
1389806099 4267 10985 2961 0 6 44 0 0 6 0 0 4 620 0
1389822361 4267 10985 2977 0 6 44 0 0 6 0 0 4 620 0
1389824525 4267 10985 2977 0 6 44 0 0 6 0 0 4 620 0
1389877015 4267 10985 2977 0 6 44 0 0 6 0 0 4 620 0
1389912247 4267 11014 2977 0 6 44 0 0 6 0 0 4 620 0
1389916860 4267 11020 2977 0 6 44 0 0 6 0 0 4 620 0
1390256745 4267 11020 2980 0 6 44 0 0 6 0 0 4 620 0
1390264054 4267 11068 2980 0 6 44 0 0 6 0 0 4 620 0
1390323157 4267 11068 2980 0 6 44 0 0 6 0 0 4 620 0
1390323250 4267 11068 2980 0 6 44 0 0 6 0 0 4 620 0
1390326418 4267 11069 2980 0 6 44 0 0 6 0 0 4 620 0
1390346916 4267 11104 2980 0 6 44 0 0 6 0 0 4 620 0
1390421423 4267 11104 2995 0 6 44 0 0 6 15 0 4 620 0
1390421719 4267 11104 2995 0 6 44 0 0 6 15 0 4 620 0
1390433878 4267 11104 2995 0 6 44 0 0 6 15 0 4 620 0
1390434831 4267 11104 2995 0 6 44 0 0 6 15 0 4 620 0
1390467867 4321 11104 2995 0 6 44 0 0 6 15 0 4 620 0
1390470226 4342 11104 2995 0 6 44 0 0 6 15 0 4 620 0
1390472252 4345 11104 2995 0 6 44 0 0 6 15 0 4 620 0
1390472648 4346 11104 2995 0 6 44 0 0 6 15 0 4 620 0
1390474075 4347 11104 2995 0 6 44 0 0 6 15 0 4 620 0
1390505525 4347 11104 2995 0 6 44 0 0 6 15 0 4 620 0
1390558774 4349 11104 2995 0 6 44 0 0 6 15 0 4 620 0
1390595907 4349 11261 2995 0 6 44 0 0 6 15 0 4 620 0
1390607061 4349 11289 2995 0 6 44 0 0 6 15 0 4 620 0
1390847363 4349 11292 2995 0 6 44 0 0 6 15 0 4 620 0
1390988327 4358 11292 2995 0 6 44 0 0 6 15 0 4 620 0
1390989289 4361 11292 2995 0 6 44 0 0 6 15 0 4 620 0
1391442502 4374 11292 2995 0 6 44 0 0 6 15 0 4 620 0
1391447222 4374 11657 2995 0 6 44 0 0 6 15 0 4 620 0
1391451751 4374 11661 2995 0 6 44 0 0 6 15 0 4 620 0
1391544700 4374 11737 2995 0 6 44 0 0 6 15 0 4 620 0
1391555891 4374 11776 2995 0 6 44 0 0 6 15 0 4 620 0
1391627639 4374 11782 2995 0 6 44 0 0 6 15 0 4 620 0
1391627888 4374 11788 2995 0 6 44 0 0 6 15 0 4 620 0
1391722608 4374 11810 2995 0 6 44 0 0 6 15 0 4 620 0
1391793925 4525 11810 2995 0 6 44 0 0 6 15 0 4 620 0
1391985601 4525 11880 2995 0 6 44 0 0 6 15 0 4 620 0
1391987527 4932 11880 2995 0 6 44 0 0 6 15 0 4 620 0
1392023772 5011 11880 2995 0 6 44 0 0 6 15 0 4 620 0
1392025642 5047 11880 2995 0 6 44 0 0 6 15 0 4 620 0
1392026565 5048 11880 2995 0 6 44 0 0 6 15 0 4 620 0
1392048852 12712 11880 2995 0 6 44 0 0 6 15 0 4 620 0
1392109655 12757 11880 2995 0 6 44 0 0 6 15 0 4 620 0
1392110076 12759 11880 2995 0 6 44 0 0 6 15 0 4 620 0
1392119787 13400 11880 2995 0 6 44 0 0 6 15 0 4 620 0
1392120037 13408 11880 2995 0 6 44 0 0 6 15 0 4 620 0
1392121027 13413 11880 2995 0 6 44 0 0 6 15 0 4 620 0
1392122603 13418 11880 2995 0 6 44 0 0 6 15 0 4 620 0
1392122695 13419 11880 2995 0 6 44 0 0 6 15 0 4 620 0
1392124276 13436 11880 2995 0 6 44 0 0 6 15 0 4 620 0
1392160157 13436 12037 2995 0 6 44 0 0 6 15 0 4 620 0
1392199178 13776 12037 2995 0 6 44 0 0 6 15 0 4 620 0
1392246405 13781 12037 2995 0 6 44 0 0 6 15 0 4 620 0
1392287484 13784 12037 2995 0 6 44 0 0 6 15 0 4 620 0
1392293797 13788 12037 2995 0 6 44 0 0 6 15 0 4 620 0
1392294509 13814 12037 2995 0 6 44 0 0 6 15 0 4 620 0
1392296169 13864 12037 2995 0 6 44 0 0 6 15 0 4 620 0
1392313999 13864 12043 2995 0 6 44 0 0 6 15 0 4 620 0
1392317385 14266 12043 2995 0 6 44 0 0 6 15 0 4 620 0
1392319987 14272 12043 2995 0 6 44 0 0 6 15 0 4 620 0
1392324647 14282 12043 2995 0 6 44 0 0 6 15 0 4 620 0
1392325047 14282 12043 2995 0 6 44 0 0 6 15 0 4 620 0
1392328187 14282 12043 2995 0 6 44 0 0 6 15 0 4 620 0
1392376155 14328 12043 2995 0 6 44 0 0 6 15 0 4 620 0
1392726796 14328 12043 2995 0 6 340 0 0 6 15 0 4 620 0
1393360463 14328 12043 2995 0 6 340 0 0 6 15 0 4 620 0
1393361963 14328 12056 2995 0 6 340 0 0 6 15 0 4 620 0
1393410819 14408 12056 2995 0 6 340 0 0 6 15 0 4 620 0
1393413217 14433 12056 2995 0 6 340 0 0 6 15 0 4 620 0
1393441751 14433 12056 2995 0 6 519 0 0 6 15 0 4 620 0
1393448491 14598 12056 2995 0 6 519 0 0 6 15 0 4 620 0
1393453807 14608 12056 2995 0 6 519 0 0 6 15 0 4 620 0
1393508050 14608 12056 2995 0 6 559 0 0 6 15 0 4 620 0
1393517703 14664 12056 2995 0 6 559 0 0 6 15 0 4 620 0
1393518680 14664 12056 2995 0 6 635 0 0 6 15 0 4 620 0
1393523063 14664 12056 2995 0 6 654 0 0 6 15 0 4 620 0
1393531046 14664 12056 2995 0 6 654 0 0 6 15 0 4 620 0
1393534870 14725 12056 2995 0 6 654 0 0 6 15 0 4 620 0
1393540165 14735 12056 2995 0 6 654 0 0 6 15 0 4 620 0
1393541809 14763 12056 2995 0 6 654 0 0 6 15 0 4 620 0
1393543638 14772 12056 2995 0 6 654 0 0 6 15 0 4 620 0
1393577204 14772 12056 2995 0 6 654 0 0 6 15 0 4 620 0
1393584497 14884 12056 2995 0 6 654 0 0 6 15 0 4 620 0
1393603468 15154 12056 2995 0 6 654 0 0 6 15 0 4 620 0
1393604023 15168 12056 2995 0 6 654 0 0 6 15 0 4 620 0
1393605404 15169 12056 2995 0 6 654 0 0 6 15 0 4 620 0
1393610456 15175 12056 2995 0 6 654 0 0 6 15 0 4 620 0
1393611561 15177 12056 2995 0 6 654 0 0 6 15 0 4 620 0
1393615968 15235 12056 2995 0 6 654 0 0 6 15 0 4 620 0
1393670075 15284 12056 2995 0 6 654 0 0 6 15 0 4 620 0
1393672074 15285 12056 2995 0 6 654 0 0 6 15 0 4 620 0
1393871321 15285 12056 2995 0 6 654 0 0 6 15 0 4 620 0
1393874178 15285 12056 2995 0 6 716 0 0 6 15 0 4 620 0
1393887600 15285 12081 2995 0 6 716 0 0 6 15 0 4 620 0
1393891959 15285 12085 2995 0 6 716 0 0 6 15 0 4 620 0
1393942197 15285 12085 2995 0 6 717 0 0 6 15 0 4 620 0
1393957732 15285 12086 2995 0 6 717 0 0 6 15 0 4 620 0
1393972499 15292 12086 2995 0 6 717 0 0 6 15 0 4 620 0
1393978557 15292 12091 2995 0 6 740 0 0 6 15 0 4 620 0
1394129449 15292 12113 2995 0 6 740 0 0 6 15 0 4 620 0
1394149279 15292 12272 2995 0 6 740 0 0 6 15 0 4 620 0
1394176141 15293 12272 2995 0 6 740 0 0 6 15 0 4 620 0
1394181533 15295 12272 2995 0 6 740 0 0 6 15 0 4 620 0
1394182900 15321 12272 2995 0 6 740 0 0 6 15 0 4 620 0
1394211906 15321 12272 2995 0 6 740 0 0 6 15 0 4 620 0
1394625430 15325 12272 2995 0 6 740 0 0 6 15 0 4 620 0
1394639235 15325 12272 2995 0 6 740 0 0 6 15 0 4 620 0
1394711929 15326 12272 2995 0 6 740 0 0 6 15 0 4 620 0
1394711979 15326 12272 2995 0 6 740 0 0 6 15 0 4 620 0
1394736647 15326 12287 2995 0 6 740 0 0 6 15 0 4 620 0
1394737299 15344 12287 2995 0 6 740 0 0 6 15 0 4 620 0
1394739202 15345 12287 2995 0 6 740 0 0 6 15 0 4 620 0
1394744695 15352 12287 2995 0 6 740 0 0 6 15 0 4 620 0
1394748253 15352 12365 2995 0 6 740 0 0 6 15 0 4 620 0
1394748261 15352 12365 2995 0 6 740 0 0 6 15 0 4 620 0
1394748791 15352 12681 2995 0 6 740 0 0 6 15 0 4 620 0
1394754291 15352 23032 2995 0 6 740 0 0 6 15 0 4 620 0
1394799450 22294 23032 2995 0 6 740 0 0 6 15 0 4 620 0
1394799477 22294 23032 2995 0 6 740 0 0 6 15 0 4 620 0
1395063015 22301 23032 2995 0 6 740 0 0 6 15 0 4 620 0
1395063241 22302 23032 2995 0 6 740 0 0 6 15 0 4 620 0
1395064824 22313 23032 2995 0 6 740 0 0 6 15 0 4 620 0
1395064844 22313 23032 2995 0 6 740 0 0 6 15 0 4 620 0
1395066832 22323 23032 2995 0 6 740 0 0 6 15 0 4 620 0
1395092158 22323 23280 2995 0 6 740 0 0 6 15 0 4 620 0
1395167416 22323 23296 2995 0 6 740 0 0 6 15 0 4 620 0
1395177058 22323 23303 2995 0 6 740 0 0 6 15 0 4 620 0
1395178393 22325 23303 2995 0 6 740 0 0 6 15 0 4 620 0
1395240525 22325 23303 2995 0 6 759 0 0 6 15 0 4 620 0
1395249133 22325 23303 2995 0 6 759 0 0 6 15 0 4 620 0
1395270246 22325 23303 2995 0 6 759 0 0 6 15 0 4 620 0
1395342794 22325 23303 2995 0 6 763 0 0 6 15 0 4 620 0
1395346153 22355 23303 2995 0 6 763 0 0 6 15 0 4 620 0
1395349585 22360 23303 2995 0 6 763 0 0 6 15 0 4 620 0
1395410022 22558 23303 2995 0 6 763 0 0 6 15 0 4 620 0
1395417308 22571 23303 2995 0 6 763 0 0 6 15 0 4 620 0
1395424512 22667 23303 2995 0 6 763 0 0 6 15 0 4 620 0
1395425186 22667 23303 2995 0 6 763 0 0 6 15 0 4 620 0
1395428109 22686 23303 2995 0 6 763 0 0 6 15 0 4 620 0
1395428142 22686 23303 2995 0 6 763 0 0 6 15 0 4 620 0
1395430864 22736 23303 2995 0 6 763 0 0 6 15 0 4 620 0
1395437332 22739 23303 2995 0 6 763 0 0 6 15 0 4 620 0
1395439690 22747 23303 2995 0 6 763 0 0 6 15 0 4 620 0
1395487579 22804 23303 2995 0 6 763 0 0 6 15 0 4 620 0
1395502666 22813 23303 2995 0 6 763 0 0 6 15 0 4 620 0
1395749257 22833 23303 2995 0 6 763 0 0 6 15 0 4 620 0
1395788335 22833 23565 2995 0 6 763 0 0 6 15 0 4 620 0
1395845392 22833 23565 2995 0 6 773 0 0 6 15 0 4 620 0
1395944316 22833 23565 2995 0 6 783 0 0 6 15 0 4 620 0
1396036003 22833 23565 2995 0 6 783 0 0 6 15 0 4 620 0
1396036045 22833 23565 2995 0 6 783 0 0 6 15 0 4 620 0
1396041349 22834 23565 2995 0 6 783 0 0 6 15 0 4 620 0
1396041368 22834 23565 2995 0 6 783 0 0 6 15 0 4 620 0
1396047608 22834 23785 2995 0 6 783 0 0 6 15 0 4 620 0
1396048675 22834 23791 2995 0 6 783 0 0 6 15 0 4 620 0
1396148039 22834 23855 2995 0 6 783 0 0 6 15 0 4 620 0
1396226224 22834 23863 2995 0 6 783 0 0 6 15 0 4 620 0
1396228030 22834 23863 2995 0 6 783 0 0 6 15 0 4 620 0
1396262024 22839 23863 2995 0 6 783 0 0 6 15 0 4 620 0
1396291386 22839 23913 2995 0 6 783 0 0 6 15 0 4 620 0
1396294892 22839 23917 2995 0 6 783 0 0 6 15 0 4 620 0
1396304702 22839 23923 2995 0 6 783 0 0 6 15 0 4 620 0
1396335771 22839 23923 2995 0 6 783 0 0 6 15 0 4 620 0
1396336989 22898 23923 2995 0 6 783 0 0 6 15 0 4 620 0
1396345348 22902 23923 2995 0 6 783 0 0 6 15 0 4 620 0
1396345896 22916 23923 2995 0 6 783 0 0 6 15 0 4 620 0
1396351577 22967 23923 2995 0 6 783 0 0 6 15 0 4 620 0
1396365105 22967 23923 2995 0 20 783 0 0 6 15 0 4 620 0
1396365113 22967 23923 2995 0 20 783 0 0 6 15 0 4 620 0
1396372596 22971 23923 2995 0 20 783 0 0 6 15 0 4 620 0
1396372968 22974 23923 2995 0 20 783 0 0 6 15 0 4 620 0
1396387169 23010 23923 2995 0 20 783 0 0 6 15 0 4 620 0
1396433485 23117 23923 2995 0 20 783 0 0 6 15 0 4 620 0
1396450850 23148 23923 2995 0 20 783 0 0 6 15 0 4 620 0
1396450970 23150 23923 2995 0 20 783 0 0 6 15 0 4 620 0
1396451143 23152 23923 2995 0 20 783 0 0 6 15 0 4 620 0
1396451471 23176 23923 2995 0 20 783 0 0 6 15 0 4 620 0
1396452196 23242 23923 2995 0 20 783 0 0 6 15 0 4 620 0
1396452470 23253 23923 2995 0 20 783 0 0 6 15 0 4 620 0
1396452853 23254 23923 2995 0 20 783 0 0 6 15 0 4 620 0
1396453706 23267 23923 2995 0 20 783 0 0 6 15 0 4 620 0
1396453823 23272 23923 2995 0 20 783 0 0 6 15 0 4 620 0
1396453980 23273 23923 2995 0 20 783 0 0 6 15 0 4 620 0
1396454069 23275 23923 2995 0 20 783 0 0 6 15 0 4 620 0
1396460736 23363 23923 2995 0 20 783 0 0 6 15 0 4 620 0
1396463224 23383 23923 2995 0 20 783 0 0 6 15 0 4 620 0
1396463576 23388 23923 2995 0 20 783 0 0 6 15 0 4 620 0
1396464669 23410 23923 2995 0 20 783 0 0 6 15 0 4 620 0
1396465406 23440 23923 2995 0 20 783 0 0 6 15 0 4 620 0
1396467611 23492 23923 2995 0 20 783 0 0 6 15 0 4 620 0
1396468198 23495 23923 2995 0 20 783 0 0 6 15 0 4 620 0
1396468307 23499 23923 2995 0 20 783 0 0 6 15 0 4 620 0
1396469029 23503 23923 2995 0 20 783 0 0 6 15 0 4 620 0
1396470585 23540 23923 2995 0 20 783 0 0 6 15 0 4 620 0
1396472493 23657 23923 2995 0 20 783 0 0 6 15 0 4 620 0
1396472922 23661 23923 2995 0 20 783 0 0 6 15 0 4 620 0
1396473079 23662 23923 2995 0 20 783 0 0 6 15 0 4 620 0
1396473773 23667 23923 2995 0 20 783 0 0 6 15 0 4 620 0
1396474679 23672 23923 2995 0 20 783 0 0 6 15 0 4 620 0
1396475064 23676 23923 2995 0 20 783 0 0 6 15 0 4 620 0
1396509849 23728 23923 2995 0 20 783 0 0 6 15 0 4 620 0
1396511331 23748 23923 2995 0 20 783 0 0 6 15 0 4 620 0
1396512384 23783 23923 2995 0 20 783 0 0 6 15 0 4 620 0
1396520827 23826 23923 2995 0 20 783 0 0 6 15 0 4 620 0
1396523959 23833 23923 2995 0 20 783 0 0 6 15 0 4 620 0
1396527358 23893 23923 2995 0 20 783 0 0 6 15 0 4 620 0
1396552970 24116 23923 2995 0 20 783 0 0 6 15 0 4 620 0
1396575475 24116 23995 2995 0 20 783 0 0 6 15 0 4 620 0
1396584255 24116 24017 2995 0 20 783 0 0 6 15 0 4 620 0
1396591158 24118 24017 2995 0 20 783 0 0 6 15 0 4 620 0
1396891881 24118 24017 2995 0 20 783 0 0 6 15 0 4 620 0
1396892300 24118 24035 2995 0 20 783 0 0 6 15 0 4 620 0
1396971286 24118 24035 2995 0 60 783 0 0 6 15 0 4 620 0
1397027020 24130 24035 2995 0 60 783 0 0 6 15 0 4 620 0
1397157448 24130 24115 2995 0 60 783 0 0 6 15 0 4 620 0
1397497668 24130 24115 2995 0 60 783 0 0 6 15 0 4 620 0
1397576269 24130 24115 2995 0 64 783 0 0 6 15 0 4 620 0
1397588946 24130 24127 2995 0 64 783 0 0 6 15 0 4 620 0
1397740033 24130 24127 2995 0 64 783 0 704 6 15 0 4 620 0
1398107283 24130 24137 2995 0 64 783 0 704 6 15 0 4 620 0
1398253458 24130 24137 2995 0 64 783 0 727 6 15 0 4 620 0
1398795318 24130 24193 2995 0 64 783 0 727 6 15 0 4 620 0
1398891603 24130 24231 2995 0 64 783 0 727 6 15 0 4 620 0
1398893349 24130 24231 2995 0 64 783 0 727 6 15 0 4 620 0
1398893350 24130 24231 2995 0 64 783 0 727 6 15 0 4 620 0
1399123062 24130 24231 2995 0 64 783 0 727 6 15 0 4 620 1
1399304625 24130 24254 2995 0 64 783 0 727 6 15 0 4 620 1
1399413759 24130 24264 2995 0 64 783 0 727 6 15 0 4 620 1
1399414540 24130 24269 2995 0 64 783 0 727 6 15 0 4 620 1
1399502229 24130 24269 2995 0 64 783 0 727 6 15 0 4 620 1
1399657677 24130 24277 2995 0 64 783 0 727 6 15 0 4 620 1
1400085161 24130 24277 2995 0 64 783 0 727 6 15 0 4 620 1
1400085509 24130 24277 2995 0 64 783 0 727 6 15 0 4 620 1
1400193003 24130 24301 2995 0 64 783 0 727 6 15 0 4 620 1
1400266797 24130 24307 2995 0 64 783 0 727 6 15 0 4 620 1
1400593742 24130 24307 2995 0 64 783 0 727 6 15 0 4 620 1
1400597223 24130 24307 2995 0 64 783 0 727 6 15 0 4 620 1
1400609095 24130 24309 2995 0 64 783 0 727 6 15 0 4 620 1
1401907645 24449 24309 2995 0 64 783 0 727 6 15 0 4 620 1
1401967773 24450 24309 2995 0 64 783 0 727 6 15 0 4 620 1
1401975112 24465 24309 2995 0 64 783 0 727 6 15 0 4 620 1
1401977543 24749 24309 2995 0 64 783 0 727 6 15 0 4 620 1
1402117191 24785 24309 2995 0 64 783 0 727 6 15 0 4 620 1
1402119084 24825 24309 2995 0 64 783 0 727 6 15 0 4 620 1
1402120043 24836 24309 2995 0 64 783 0 727 6 15 0 4 620 1
1402158753 24840 24309 2995 0 64 783 0 727 6 15 0 4 620 1
1402468472 24852 24309 2995 0 64 783 0 727 6 15 0 4 620 1
1402471370 24890 24309 2995 0 64 783 0 727 6 15 0 4 620 1
1402473053 24899 24309 2995 0 64 783 0 727 6 15 0 4 620 1
1402507100 24899 24309 2995 0 64 783 0 727 6 15 0 4 620 1
1402531025 24899 24354 2995 0 64 783 0 727 6 15 0 4 620 1
1402550824 24916 24354 2995 0 64 783 0 727 6 15 0 4 620 1
1402602391 24916 24389 2995 0 64 783 0 727 6 15 0 4 620 1
1402676962 24916 24404 2995 0 64 783 0 727 6 15 0 4 620 1
1402695674 24916 24415 2995 0 64 783 0 727 6 15 0 4 620 1
1402724123 24917 24415 2995 0 64 783 0 727 6 15 0 4 620 1
1403045831 24917 24416 2995 0 64 783 0 727 6 15 0 4 620 1
1403117585 24917 24420 2995 0 64 783 0 727 6 15 0 4 620 1
1403287841 24917 24421 2995 0 64 783 0 727 6 15 0 4 620 1
1403636822 24917 24438 2995 0 64 783 0 727 6 15 0 4 620 1
1403769199 24917 24438 2995 0 64 783 0 727 6 15 2 4 620 1
1403802106 24917 24438 2995 0 64 783 0 727 6 15 2 4 620 1
1403856782 24917 24438 2995 0 64 783 0 727 6 15 25 4 620 1
1403889141 24917 24438 2995 0 64 783 0 727 6 15 25 4 620 1
1404939193 24936 24438 2995 0 64 783 0 727 6 15 25 4 620 1
1404939688 25022 24438 2995 0 64 783 0 727 6 15 25 4 620 1
1404939957 25119 24438 2995 0 64 783 0 727 6 15 25 4 620 1
1404942209 25120 24438 2995 0 64 783 0 727 6 15 25 4 620 1
1404987144 25140 24438 2995 0 64 783 0 727 6 15 25 4 620 1
1404988050 25153 24438 2995 0 64 783 0 727 6 15 25 4 620 1
1404988855 25154 24438 2995 0 64 783 0 727 6 15 25 4 620 1
1405036985 25154 24438 2995 77 64 783 0 727 6 15 25 4 620 1
1405040459 25154 24438 2995 77 64 783 0 727 6 15 25 4 620 1
1405061647 25177 24438 2995 77 64 783 0 727 6 15 25 4 620 1
1405122051 25177 24438 2995 78 64 783 0 727 6 15 25 4 620 1
1405122065 25177 24438 2995 84 64 783 0 727 6 15 25 4 620 1
1405122085 25177 24438 2995 85 64 783 0 727 6 15 25 4 620 1
1405124319 25177 24438 2995 116 64 783 0 727 6 15 25 4 620 1
1405373858 25177 24438 2995 120 64 783 0 727 6 15 25 4 620 1
1405373958 25177 24438 2995 120 64 783 0 727 6 15 25 4 620 1
1405450055 25177 24438 2995 121 64 783 0 727 6 15 25 4 620 1
1405450142 25177 24438 2995 122 64 783 0 727 6 15 25 4 620 1
1405676040 25196 24438 2995 122 64 783 0 727 6 15 25 4 620 1
1406026493 25209 24438 2995 122 64 783 0 727 6 15 25 4 620 1
1406026549 25211 24438 2995 122 64 783 0 727 6 15 25 4 620 1
1406065809 25214 24438 2995 122 64 783 0 727 6 15 25 4 620 1
1406191820 25217 24438 2995 122 64 783 0 727 6 15 25 4 620 1
1406192349 25219 24438 2995 122 64 783 0 727 6 15 25 4 620 1
1406285878 25224 24438 2995 122 64 783 0 727 6 15 25 4 620 1
1406304390 25224 24438 2995 122 64 783 0 727 6 15 25 4 620 1
1406327560 25228 24438 2995 122 64 783 0 727 6 15 25 4 620 1
1406498820 25228 24438 2995 122 64 783 20 727 6 15 25 4 620 1
1406499970 25228 24438 2995 122 64 783 21 727 6 15 25 4 620 1
1406506161 25299 24438 2995 122 64 783 21 727 6 15 25 4 620 1
1406506319 25299 24438 2995 122 64 783 21 727 6 15 25 4 620 1
1406552009 25301 24438 2995 122 64 783 21 727 6 15 25 4 620 1
1406581678 25301 24438 2995 122 64 783 22 727 6 15 25 4 620 1
1406581798 25301 24438 2995 122 64 783 22 727 6 15 25 4 620 1
1406624221 25303 24438 2995 122 64 783 22 727 6 15 25 4 620 1
1406643180 25371 24438 2995 122 64 783 22 727 6 15 25 4 620 1
1406654983 25371 24438 2995 122 64 783 22 727 6 15 25 4 620 1
1406669038 25371 24438 2995 122 64 783 22 727 6 15 25 4 620 1
1406672167 25373 24438 2995 122 64 783 22 727 6 15 25 4 620 1
1406672357 25375 24438 2995 122 64 783 22 727 6 15 25 4 620 1
1406673448 25376 24438 2995 122 64 783 22 727 6 15 25 4 620 1
1406674386 25376 24438 2995 122 64 783 22 727 6 15 25 4 620 1
1406675562 25376 24438 2995 167 64 783 22 727 6 15 25 4 620 1
1406677366 25376 24438 2995 167 64 783 22 727 6 15 25 4 620 1
1406678505 25376 24438 2995 168 64 783 22 727 6 15 25 4 620 1
1406734186 25424 24438 2995 168 64 783 22 727 6 15 25 4 620 1
1406735026 25427 24438 2995 168 64 783 22 727 6 15 25 4 620 1
1406739645 25427 24438 2995 169 64 783 22 727 6 15 25 4 620 1
1406740277 25427 24438 2995 169 64 783 22 727 6 15 25 4 620 1
1406744834 25427 24438 2995 194 64 783 22 727 6 15 25 4 620 1
1406756483 25434 24438 2995 194 64 783 22 727 6 15 25 4 620 1
1406756589 25434 24438 2995 195 64 783 22 727 6 15 25 4 620 1
1406756659 25434 24438 2995 197 64 783 22 727 6 15 25 4 620 1
1406756706 25434 24438 2995 198 64 783 22 727 6 15 25 4 620 1
1406757601 25435 24438 2995 198 64 783 22 727 6 15 25 4 620 1
1406759419 25453 24438 2995 198 64 783 22 727 6 15 25 4 620 1
1406764446 25453 24438 2995 210 64 783 22 727 6 15 25 4 620 1
1406826014 25453 24438 2995 215 64 783 22 727 6 15 25 4 620 1
1406828425 25453 24438 2995 216 64 783 22 727 6 15 25 4 620 1
1406834619 25453 24438 2995 216 64 783 22 727 6 15 25 4 620 1
1406842288 25453 24438 2995 216 64 783 22 727 6 15 25 4 620 1
1406893382 25453 24438 2995 216 64 783 22 727 6 15 25 4 620 1
1406909615 25458 24438 2995 216 64 783 22 727 6 15 25 4 620 1
1406911067 25458 24438 2995 216 64 783 22 727 6 15 25 4 620 1
1406915211 25512 24438 2995 216 64 783 22 727 6 15 25 4 620 1
1406916538 25515 24438 2995 216 64 783 22 727 6 15 25 4 620 1
1406920143 25625 24438 2995 216 64 783 22 727 6 15 25 4 620 1
1406924328 25681 24438 2995 216 64 783 22 727 6 15 25 4 620 1
1406924427 25681 24438 2995 216 88 783 22 727 6 15 25 4 620 1
1406924486 25681 24438 2995 216 88 783 22 727 6 15 25 4 620 1
1407178588 25709 24438 2995 216 88 783 22 727 6 15 25 4 620 1
1407179426 25714 24438 2995 216 88 783 22 727 6 15 25 4 620 1
1407261833 25732 24438 2995 216 88 783 22 727 6 15 25 4 620 1
1407261926 25766 24438 2995 216 88 783 22 727 6 15 25 4 620 1
1407452442 25766 24438 2995 216 88 783 22 727 6 15 25 4 620 1
1407454274 25766 24438 2995 216 88 783 22 727 6 15 25 4 620 1
1407456421 25769 24438 2995 216 88 783 22 727 6 15 25 4 620 1
1407458079 25770 24438 2995 216 88 783 22 727 6 15 25 4 620 1
1407458684 25775 24438 2995 216 88 783 22 727 6 15 25 4 620 1
1407795757 25775 24438 2995 216 94 783 22 727 6 15 25 4 620 1
1407876217 25775 24438 2995 216 95 783 22 727 6 15 25 4 620 1
1407876370 25775 24438 2995 216 95 783 22 727 6 15 25 4 620 1
1408143077 25775 24438 2995 216 100 783 22 727 6 15 25 4 620 1
1408563349 25775 24438 2995 216 103 783 22 727 6 15 25 4 620 1
1409079381 25775 24438 3040 216 103 783 22 727 6 15 25 4 620 1
1409138484 25775 24438 3040 216 103 783 22 727 6 15 25 4 620 1
1409246807 25775 24438 3040 216 133 783 22 727 6 15 25 4 620 1
1409516244 25777 24438 3040 216 133 783 22 727 6 15 25 4 620 1
1409520832 25785 24438 3040 216 133 783 22 727 6 15 25 4 620 1
1409565557 25791 24438 3040 216 133 783 22 727 6 15 25 4 620 1
1409574636 25793 24438 3040 216 133 783 22 727 6 15 25 4 620 1
1409577535 25797 24438 3040 216 133 783 22 727 6 15 25 4 620 1
1409577860 25798 24438 3040 216 133 783 22 727 6 15 25 4 620 1
1409641885 25826 24438 3040 216 133 783 22 727 6 15 25 4 620 1
1409675822 25826 24438 3040 216 139 783 22 727 6 15 25 4 620 1
1409735826 25840 24438 3040 216 139 783 22 727 6 15 25 4 620 1
1409941713 25840 24438 3040 216 140 783 22 727 6 15 25 4 620 1
1410033230 25840 24438 3040 252 140 783 22 727 6 15 25 4 620 1
1410033292 25840 24438 3040 270 140 783 22 727 6 15 25 4 620 1
1410037492 25840 24438 3040 279 140 783 22 727 6 15 25 4 620 1
1410194028 25840 24438 3040 279 140 783 22 727 6 15 25 4 620 1
1410209654 25856 24438 3040 279 140 783 22 727 6 15 25 4 620 1
1410279572 25856 24438 3040 279 140 783 22 727 6 15 25 4 620 1
1410533618 25856 24438 3040 279 140 783 22 727 6 15 25 4 620 1
1410887507 25856 24438 3040 279 177 783 22 727 6 15 25 4 620 1
1410998503 25856 24438 3040 345 177 783 22 727 6 15 25 4 620 1
1410998994 25856 24438 3040 345 197 783 22 727 6 15 25 4 620 1
1411026200 25856 24438 3040 345 197 783 22 727 6 15 25 4 620 1
1411027709 25884 24438 3040 345 197 783 22 727 6 15 25 4 620 1
1411063874 25884 24438 3040 345 197 783 22 727 6 15 25 4 620 1
1412005554 25890 24438 3040 345 197 783 22 727 6 15 25 4 620 1
1413213684 25890 24438 3040 345 200 783 22 727 6 15 25 4 620 1
1413479735 25890 24438 3040 349 200 783 22 727 6 15 25 4 620 1
1413486017 25890 24438 3040 349 200 783 22 727 6 15 25 4 620 1
1413486577 25902 24438 3040 349 200 783 22 727 6 15 25 4 620 1
1413486954 25902 24438 3040 349 200 783 22 727 6 15 25 4 620 1
1413753277 25936 24438 3040 349 200 783 22 727 6 15 25 4 620 1
1413753575 25938 24438 3040 349 200 783 22 727 6 15 25 4 620 1
1413755008 25938 24438 3040 349 200 783 22 727 6 15 25 4 620 1
1413837187 25940 24438 3040 349 200 783 22 727 6 15 25 4 620 1
1413839522 26092 24438 3040 349 200 783 22 727 6 15 25 4 620 1
1413839974 26092 24438 3040 349 200 783 22 727 6 15 25 4 620 1
1413843709 26106 24438 3040 349 200 783 22 727 6 15 25 4 620 1
1413844049 26107 24438 3040 349 200 783 22 727 6 15 25 4 620 1
1413851972 26117 24438 3040 349 200 783 22 727 6 15 25 4 620 1
1413975182 26137 24438 3040 349 200 783 22 727 6 15 25 4 620 1
1414064021 26157 24438 3040 349 200 783 22 727 6 15 25 4 620 1
1414066395 26174 24438 3040 349 200 783 22 727 6 15 25 4 620 1
1414067317 26179 24438 3040 349 200 783 22 727 6 15 25 4 620 1
1414067426 26179 24438 3040 349 200 783 22 727 6 15 25 4 620 1
1414102651 26192 24438 3040 349 200 783 22 727 6 15 25 4 620 1
1414629510 26192 24438 3040 349 200 783 22 727 6 15 25 4 620 1
1415027060 26192 24438 3040 349 200 783 22 735 6 15 25 4 620 1
1415028909 26192 24438 3040 349 200 783 22 739 6 15 25 4 620 1
1415409398 26192 24438 3040 424 200 783 22 739 6 15 25 4 620 1
1415648837 26192 24438 3040 473 200 783 22 739 6 15 25 4 620 1
1415669943 26192 24438 3040 892 200 783 22 739 6 15 25 4 620 1
1416262632 26192 24438 3040 923 200 783 22 739 6 15 25 4 620 1
1416265106 26192 24438 3040 936 200 783 22 739 6 15 25 4 620 1
1416501140 26192 24438 3040 936 200 783 22 739 6 15 25 4 620 1
1416729165 26200 24438 3040 936 200 783 22 739 6 15 25 4 620 1
1419098628 26250 24438 3040 936 200 783 22 739 6 15 25 4 620 1
1419443557 26250 24438 3040 936 200 783 22 761 6 15 25 4 620 1
1419444197 26250 24438 3040 936 200 783 22 763 6 15 25 4 620 1
1420047343 26250 24438 3040 936 200 783 22 763 6 15 25 4 620 1
1422897023 26294 24438 3040 936 200 783 22 763 6 15 25 4 620 1
1423591790 26294 24438 3040 936 200 783 31 763 6 15 25 4 620 1
1423746039 26294 24438 3040 936 200 783 10377 763 6 15 25 4 620 1
1423746149 26294 24438 3040 936 200 783 10377 763 6 15 25 4 620 1
1425996602 26294 24438 3040 936 200 783 10392 763 6 15 25 4 620 1
1426801015 26294 24438 3040 936 200 783 10402 763 6 15 25 4 620 1
1426871282 26294 24438 3040 936 200 783 10402 763 6 15 25 4 620 1
1426871365 26294 24438 3040 936 200 783 10402 763 6 15 25 4 620 1
1426871387 26294 24438 3040 936 200 783 10402 763 6 15 25 4 620 1
1426871532 26294 24438 3040 936 200 783 10402 763 6 15 25 4 620 1
1427213871 26294 24438 3040 936 200 783 10402 763 6 15 25 4 620 1
1430855626 26294 24438 3040 936 200 783 10402 763 6 15 25 4 620 1
