1369550719 0 0 0 1 0 0 0 0 0 0 0 0 0 0 0 0 0 0 0 0
1369586217 0 0 0 2 0 0 0 0 0 0 0 0 0 0 0 0 0 0 0 0
1369633396 0 0 0 3 0 0 0 0 0 0 0 0 0 0 0 0 0 0 0 0
1369714720 0 0 0 4 0 0 0 0 0 0 0 0 0 0 0 0 0 0 0 0
1369718096 0 0 0 5 0 0 0 0 0 0 0 0 0 0 0 0 0 0 0 0
1369760131 0 0 0 6 0 0 0 0 0 0 0 0 0 0 0 0 0 0 0 0
1369760318 0 0 0 7 0 0 0 0 0 0 0 0 0 0 0 0 0 0 0 0
1369795129 0 0 0 8 0 0 0 0 0 0 0 0 0 0 0 0 0 0 0 0
1369799411 0 0 0 9 0 0 0 0 0 0 0 0 0 0 0 0 0 0 0 0
1369799982 0 0 0 10 0 0 0 0 0 0 0 0 0 0 0 0 0 0 0 0
1369800163 0 0 0 11 0 0 0 0 0 0 0 0 0 0 0 0 0 0 0 0
1369800272 0 0 0 12 0 0 0 0 0 0 0 0 0 0 0 0 0 0 0 0
1369800509 0 0 0 13 0 0 0 0 0 0 0 0 0 0 0 0 0 0 0 0
1369800639 0 0 0 14 0 0 0 0 0 0 0 0 0 0 0 0 0 0 0 0
1369800766 0 0 0 15 0 0 0 0 0 0 0 0 0 0 0 0 0 0 0 0
1369805905 0 0 0 16 0 0 0 0 0 0 0 0 0 0 0 0 0 0 0 0
1369807333 0 0 0 17 0 0 0 0 0 0 0 0 0 0 0 0 0 0 0 0
1369808880 0 0 0 18 0 0 0 0 0 0 0 0 0 0 0 0 0 0 0 0
1369821600 0 0 0 19 0 0 0 0 0 0 0 0 0 0 0 0 0 0 0 0
1369821720 0 0 0 20 0 0 0 0 0 0 0 0 0 0 0 0 0 0 0 0
1369822139 0 0 0 21 0 0 0 0 0 0 0 0 0 0 0 0 0 0 0 0
1369822193 0 0 0 22 0 0 0 0 0 0 0 0 0 0 0 0 0 0 0 0
1369822821 0 0 0 23 0 0 0 0 0 0 0 0 0 0 0 0 0 0 0 0
1371062540 0 0 0 24 0 0 0 0 0 0 0 0 0 0 0 0 0 0 0 0
1371062716 0 0 0 25 0 0 0 0 0 0 0 0 0 0 0 0 0 0 0 0
1371062972 0 0 0 26 0 0 0 0 0 0 0 0 0 0 0 0 0 0 0 0
1371063888 0 0 0 27 0 0 0 0 0 0 0 0 0 0 0 0 0 0 0 0
1372359743 0 0 0 28 0 0 0 0 0 0 0 0 0 0 0 0 0 0 0 0
1372360271 0 0 0 29 0 0 0 0 0 0 0 0 0 0 0 0 0 0 0 0
1375076825 0 0 0 29 0 0 0 0 1 0 0 0 0 0 0 0 0 0 0 0
1375303047 0 0 0 29 0 0 0 0 1 0 0 0 0 0 1 0 0 0 0 0
1375306637 0 0 0 29 0 0 0 0 2 0 0 0 0 0 1 0 0 0 0 0
1375390251 0 0 0 29 0 0 0 0 2 0 0 0 0 0 2 0 0 0 0 0
1375914255 0 0 0 30 0 0 0 0 2 0 0 0 0 0 2 0 0 0 0 0
1375918452 0 0 0 31 0 0 0 0 2 0 0 0 0 0 2 0 0 0 0 0
1377041809 0 0 0 31 0 0 0 0 3 0 0 0 0 0 2 0 0 0 0 0
1377045396 0 0 0 31 0 0 0 0 4 0 0 0 0 0 2 0 0 0 0 0
1377125456 0 0 0 31 0 0 0 0 5 0 0 0 0 0 2 0 0 0 0 0
1377125953 0 0 0 31 0 0 0 0 6 0 0 0 0 0 2 0 0 0 0 0
1377205725 0 0 0 31 0 0 0 0 7 0 0 0 0 0 2 0 0 0 0 0
1377557596 0 0 0 31 0 0 0 0 7 0 0 0 0 0 3 0 0 0 0 0
1379265533 0 0 0 31 0 0 0 0 7 0 0 0 0 0 3 1 0 0 0 0
1379266770 0 0 0 31 0 0 0 0 7 0 0 0 0 0 3 2 0 0 0 0
1380910085 0 0 0 31 0 0 0 0 8 0 0 0 0 0 3 2 0 0 0 0
1381356655 0 0 1 31 0 0 0 0 8 0 0 0 0 0 3 2 0 0 0 0
1381516334 0 0 2 31 0 0 0 0 8 0 0 0 0 0 3 2 0 0 0 0
1381868108 0 0 2 31 0 0 0 0 9 0 0 0 0 0 3 2 0 0 0 0
1381877369 0 0 2 31 0 0 0 0 9 0 0 0 1 0 3 2 0 0 0 0
1382119511 0 0 2 31 0 0 1 0 9 0 0 0 1 0 3 2 0 0 0 0
1382121002 0 0 2 31 0 0 2 0 9 0 0 0 1 0 3 2 0 0 0 0
1382121496 0 0 2 31 0 0 3 0 9 0 0 0 1 0 3 2 0 0 0 0
1382140224 0 0 2 31 0 0 3 0 9 0 0 0 2 0 3 2 0 0 0 0
1382140357 0 0 2 31 0 0 3 0 9 0 0 0 3 0 3 2 0 0 0 0
1382140412 0 0 3 31 0 0 3 0 9 0 0 0 3 0 3 2 0 0 0 0
1382141970 0 0 4 31 0 0 3 0 9 0 0 0 3 0 3 2 0 0 0 0
1382142006 0 0 5 31 0 0 3 0 9 0 0 0 3 0 3 2 0 0 0 0
1382379728 0 0 5 31 0 0 3 0 9 0 0 0 4 0 3 2 0 0 0 0
1382452884 0 0 5 31 0 0 3 0 9 0 0 0 4 0 3 3 0 0 0 0
1382463446 0 0 6 31 0 0 3 0 9 0 0 0 4 0 3 3 0 0 0 0
1382463456 0 0 7 31 0 0 3 0 9 0 0 0 4 0 3 3 0 0 0 0
1382478380 0 0 7 31 0 0 3 0 10 0 0 0 4 0 3 3 0 0 0 0
1382478645 0 0 7 31 0 0 3 0 11 0 0 0 4 0 3 3 0 0 0 0
1382479394 0 0 7 31 0 0 3 0 12 0 0 0 4 0 3 3 0 0 0 0
1382479727 0 0 7 31 0 0 3 0 13 0 0 0 4 0 3 3 0 0 0 0
1382594871 0 0 7 31 0 0 3 0 14 0 0 0 4 0 3 3 0 0 0 0
1382594945 0 0 7 31 0 0 3 0 15 0 0 0 4 0 3 3 0 0 0 0
1382982182 0 0 8 31 0 0 3 0 15 0 0 0 4 0 3 3 0 0 0 0
1382994121 0 0 9 31 0 0 3 0 15 0 0 0 4 0 3 3 0 0 0 0
1382996388 0 0 10 31 0 0 3 0 15 0 0 0 4 0 3 3 0 0 0 0
1383603047 0 0 11 31 0 0 3 0 15 0 0 0 4 0 3 3 0 0 0 0
1383669270 0 0 12 31 0 0 3 0 15 0 0 0 4 0 3 3 0 0 0 0
1383690611 0 0 12 31 0 0 4 0 15 0 0 0 4 0 3 3 0 0 0 0
1383690819 0 0 12 31 0 0 5 0 15 0 0 0 4 0 3 3 0 0 0 0
1383691908 0 0 13 31 0 0 5 0 15 0 0 0 4 0 3 3 0 0 0 0
1383694466 0 0 14 31 0 0 5 0 15 0 0 0 4 0 3 3 0 0 0 0
1383694496 0 0 15 31 0 0 5 0 15 0 0 0 4 0 3 3 0 0 0 0
1383780747 0 0 16 31 0 0 5 0 15 0 0 0 4 0 3 3 0 0 0 0
1383868125 0 0 17 31 0 0 5 0 15 0 0 0 4 0 3 3 0 0 0 0
1384295924 0 0 17 31 0 0 6 0 15 0 0 0 4 0 3 3 0 0 0 0
1384442519 0 1 17 31 0 0 6 0 15 0 0 0 4 0 3 3 0 0 0 0
1384453962 0 1 17 31 0 0 7 0 15 0 0 0 4 0 3 3 0 0 0 0
1384458656 0 1 18 31 0 0 7 0 15 0 0 0 4 0 3 3 0 0 0 0
1384543691 0 2 18 31 0 0 7 0 15 0 0 0 4 0 3 3 0 0 0 0
1384559778 0 2 19 31 0 0 7 0 15 0 0 0 4 0 3 3 0 0 0 0
1384722253 0 2 20 31 0 0 7 0 15 0 0 0 4 0 3 3 0 0 0 0
1384722858 0 2 21 31 0 0 7 0 15 0 0 0 4 0 3 3 0 0 0 0
1384722868 0 2 22 31 0 0 7 0 15 0 0 0 4 0 3 3 0 0 0 0
1384877327 0 3 22 31 0 0 7 0 15 0 0 0 4 0 3 3 0 0 0 0
1384894575 0 4 22 31 0 0 7 0 15 0 0 0 4 0 3 3 0 0 0 0
1385064297 0 4 23 31 0 0 7 0 15 0 0 0 4 0 3 3 0 0 0 0
1385082376 0 4 23 31 0 0 8 0 15 0 0 0 4 0 3 3 0 0 0 0
1385083080 0 4 24 31 0 0 8 0 15 0 0 0 4 0 3 3 0 0 0 0
1385146859 0 4 24 31 0 0 9 0 15 0 0 0 4 0 3 3 0 0 0 0
1385149157 0 4 24 31 0 0 9 0 15 0 0 0 4 1 3 3 0 0 0 0
1385159469 0 4 25 31 0 0 9 0 15 0 0 0 4 1 3 3 0 0 0 0
1385404765 0 4 26 31 0 0 9 0 15 0 0 0 4 1 3 3 0 0 0 0
1385406736 0 4 27 31 0 0 9 0 15 0 0 0 4 1 3 3 0 0 0 0
1385406878 0 4 28 31 0 0 9 0 15 0 0 0 4 1 3 3 0 0 0 0
1386175440 0 5 28 31 0 0 9 0 15 0 0 0 4 1 3 3 0 0 0 0
1386203317 0 5 29 31 0 0 9 0 15 0 0 0 4 1 3 3 0 0 0 0
1386206197 0 5 30 31 0 0 9 0 15 0 0 0 4 1 3 3 0 0 0 0
1386283395 0 5 30 31 0 0 10 0 15 0 0 0 4 1 3 3 0 0 0 0
1386621474 0 5 31 31 0 0 10 0 15 0 0 0 4 1 3 3 0 0 0 0
1386704218 0 5 31 31 0 0 11 0 15 0 0 0 4 1 3 3 0 0 0 0
1386704342 0 5 31 31 0 0 12 0 15 0 0 0 4 1 3 3 0 0 0 0
1386704410 0 5 31 31 0 0 13 0 15 0 0 0 4 1 3 3 0 0 0 0
1386704668 0 5 31 31 0 0 14 0 15 0 0 0 4 1 3 3 0 0 0 0
1386788965 0 5 32 31 0 0 14 0 15 0 0 0 4 1 3 3 0 0 0 0
1386885577 0 5 33 31 0 0 14 0 15 0 0 0 4 1 3 3 0 0 0 0
1386886142 0 5 33 31 0 0 15 0 15 0 0 0 4 1 3 3 0 0 0 0
1386886166 0 5 33 31 0 0 16 0 15 0 0 0 4 1 3 3 0 0 0 0
1386891499 0 5 34 31 0 0 16 0 15 0 0 0 4 1 3 3 0 0 0 0
1386892576 0 5 35 31 0 0 16 0 15 0 0 0 4 1 3 3 0 0 0 0
1386975894 0 6 35 31 0 0 16 0 15 0 0 0 4 1 3 3 0 0 0 0
1386976962 0 7 35 31 0 0 16 0 15 0 0 0 4 1 3 3 0 0 0 0
1386977014 0 8 35 31 0 0 16 0 15 0 0 0 4 1 3 3 0 0 0 0
1386977828 0 8 36 31 0 0 16 0 15 0 0 0 4 1 3 3 0 0 0 0
1386993154 0 9 36 31 0 0 16 0 15 0 0 0 4 1 3 3 0 0 0 0
1387004985 0 9 37 31 0 0 16 0 15 0 0 0 4 1 3 3 0 0 0 0
1387129650 0 10 37 31 0 0 16 0 15 0 0 0 4 1 3 3 0 0 0 0
1387129907 0 11 37 31 0 0 16 0 15 0 0 0 4 1 3 3 0 0 0 0
1387129977 0 12 37 31 0 0 16 0 15 0 0 0 4 1 3 3 0 0 0 0
1387130073 0 13 37 31 0 0 16 0 15 0 0 0 4 1 3 3 0 0 0 0
1387130353 0 13 38 31 0 0 16 0 15 0 0 0 4 1 3 3 0 0 0 0
1387130800 0 13 39 31 0 0 16 0 15 0 0 0 4 1 3 3 0 0 0 0
1387225803 0 14 39 31 0 0 16 0 15 0 0 0 4 1 3 3 0 0 0 0
1387307900 0 14 40 31 0 0 16 0 15 0 0 0 4 1 3 3 0 0 0 0
1387312413 0 14 41 31 0 0 16 0 15 0 0 0 4 1 3 3 0 0 0 0
1387312985 0 14 42 31 0 0 16 0 15 0 0 0 4 1 3 3 0 0 0 0
1387322084 0 14 42 31 0 0 16 0 16 0 0 0 4 1 3 3 0 0 0 0
1387322262 0 14 42 31 0 0 16 0 17 0 0 0 4 1 3 3 0 0 0 0
1387322783 0 14 43 31 0 0 16 0 17 0 0 0 4 1 3 3 0 0 0 0
1387325656 0 14 44 31 0 0 16 0 17 0 0 0 4 1 3 3 0 0 0 0
1387475237 0 14 45 31 0 0 16 0 17 0 0 0 4 1 3 3 0 0 0 0
1387485639 0 14 45 31 0 0 16 0 17 0 0 0 4 2 3 3 0 0 0 0
1387485803 0 14 45 31 0 0 16 0 17 0 0 0 4 3 3 3 0 0 0 0
1387491387 0 15 45 31 0 0 16 0 17 0 0 0 4 3 3 3 0 0 0 0
1387564893 0 16 45 31 0 0 16 0 17 0 0 0 4 3 3 3 0 0 0 0
1387565807 0 17 45 31 0 0 16 0 17 0 0 0 4 3 3 3 0 0 0 0
1387565859 0 18 45 31 0 0 16 0 17 0 0 0 4 3 3 3 0 0 0 0
1387568639 0 18 46 31 0 0 16 0 17 0 0 0 4 3 3 3 0 0 0 0
1387568850 0 18 47 31 0 0 16 0 17 0 0 0 4 3 3 3 0 0 0 0
1387568887 0 18 48 31 0 0 16 0 17 0 0 0 4 3 3 3 0 0 0 0
1387583826 0 18 49 31 0 0 16 0 17 0 0 0 4 3 3 3 0 0 0 0
1388689391 0 18 49 31 0 0 17 0 17 0 0 0 4 3 3 3 0 0 0 0
1388689455 0 18 49 31 0 0 18 0 17 0 0 0 4 3 3 3 0 0 0 0
1388691741 0 18 49 31 0 0 19 0 17 0 0 0 4 3 3 3 0 0 0 0
1388691791 0 18 49 31 0 0 20 0 17 0 0 0 4 3 3 3 0 0 0 0
1389032464 0 18 49 31 0 0 21 0 17 0 0 0 4 3 3 3 0 0 0 0
1389034065 0 18 50 31 0 0 21 0 17 0 0 0 4 3 3 3 0 0 0 0
1389107091 0 19 50 31 0 0 21 0 17 0 0 0 4 3 3 3 0 0 0 0
1389107372 0 20 50 31 0 0 21 0 17 0 0 0 4 3 3 3 0 0 0 0
1389221347 0 20 50 31 0 0 22 0 17 0 0 0 4 3 3 3 0 0 0 0
1389292978 0 20 50 31 0 0 22 0 18 0 0 0 4 3 3 3 0 0 0 0
1389297240 0 20 50 31 0 0 22 0 19 0 0 0 4 3 3 3 0 0 0 0
1389299330 0 20 50 31 0 0 22 0 19 1 0 0 4 3 3 3 0 0 0 0
1389299578 0 21 50 31 0 0 22 0 19 1 0 0 4 3 3 3 0 0 0 0
1389301905 0 21 50 31 0 0 23 0 19 1 0 0 4 3 3 3 0 0 0 0
1389306430 0 22 50 31 0 0 23 0 19 1 0 0 4 3 3 3 0 0 0 0
1389306462 0 23 50 31 0 0 23 0 19 1 0 0 4 3 3 3 0 0 0 0
1389306500 0 24 50 31 0 0 23 0 19 1 0 0 4 3 3 3 0 0 0 0
1389370755 0 25 50 31 0 0 23 0 19 1 0 0 4 3 3 3 0 0 0 0
1389370807 0 25 50 31 0 0 23 0 19 2 0 0 4 3 3 3 0 0 0 0
1389380773 0 25 51 31 0 0 23 0 19 2 0 0 4 3 3 3 0 0 0 0
1389392757 0 25 52 31 0 0 23 0 19 2 0 0 4 3 3 3 0 0 0 0
1389822179 0 25 52 31 0 0 24 0 19 2 0 0 4 3 3 3 0 0 0 0
1389824361 0 25 52 31 0 0 25 0 19 2 0 0 4 3 3 3 0 0 0 0
1389825394 0 25 52 31 0 0 26 0 19 2 0 0 4 3 3 3 0 0 0 0
1389826740 0 25 53 31 0 0 26 0 19 2 0 0 4 3 3 3 0 0 0 0
1390391078 0 25 53 31 0 0 26 0 19 2 0 0 4 3 3 3 0 0 1 0
1390435112 0 25 54 31 0 0 26 0 19 2 0 0 4 3 3 3 0 0 1 0
1390437235 0 25 55 31 0 0 26 0 19 2 0 0 4 3 3 3 0 0 1 0
1390470172 1 25 55 31 0 0 26 0 19 2 0 0 4 3 3 3 0 0 1 0
1390472308 2 25 55 31 0 0 26 0 19 2 0 0 4 3 3 3 0 0 1 0
1390474152 3 25 55 31 0 0 26 0 19 2 0 0 4 3 3 3 0 0 1 0
1390519613 4 25 55 31 0 0 26 0 19 2 0 0 4 3 3 3 0 0 1 0
1390558935 5 25 55 31 0 0 26 0 19 2 0 0 4 3 3 3 0 0 1 0
1390560995 6 25 55 31 0 0 26 0 19 2 0 0 4 3 3 3 0 0 1 0
1390847508 6 25 56 31 0 0 26 0 19 2 0 0 4 3 3 3 0 0 1 0
1390856368 6 26 56 31 0 0 26 0 19 2 0 0 4 3 3 3 0 0 1 0
1390857901 6 27 56 31 0 0 26 0 19 2 0 0 4 3 3 3 0 0 1 0
1390864786 6 27 57 31 0 0 26 0 19 2 0 0 4 3 3 3 0 0 1 0
1390928730 6 27 58 31 0 0 26 0 19 2 0 0 4 3 3 3 0 0 1 0
1391214461 6 28 58 31 0 0 26 0 19 2 0 0 4 3 3 3 0 0 1 0
1391214547 6 29 58 31 0 0 26 0 19 2 0 0 4 3 3 3 0 0 1 0
1391288905 6 30 58 31 0 0 26 0 19 2 0 0 4 3 3 3 0 0 1 0
1391442603 7 30 58 31 0 0 26 0 19 2 0 0 4 3 3 3 0 0 1 0
1391442920 8 30 58 31 0 0 26 0 19 2 0 0 4 3 3 3 0 0 1 0
1391465520 9 30 58 31 0 0 26 0 19 2 0 0 4 3 3 3 0 0 1 0
1391532348 9 31 58 31 0 0 26 0 19 2 0 0 4 3 3 3 0 0 1 0
1391533108 9 32 58 31 0 0 26 0 19 3 0 0 4 3 3 3 0 0 1 0
1391585792 10 32 58 31 0 0 26 0 19 3 0 0 4 3 3 3 0 0 1 0
1391586298 11 32 58 31 0 0 26 0 19 3 0 0 4 3 3 3 0 0 1 0
1391586748 12 32 58 31 0 0 26 0 19 3 0 0 4 3 3 3 0 0 1 0
1391590570 13 32 58 31 0 0 26 0 19 3 0 0 4 3 3 3 0 0 1 0
1391594131 14 32 58 31 0 0 26 0 19 3 0 0 4 3 3 3 0 0 1 0
1391722709 14 32 59 31 0 0 26 0 19 3 0 0 4 3 3 3 0 0 1 0
1391819960 14 33 59 31 0 0 26 0 19 3 0 0 4 3 3 3 0 0 1 0
1391820002 14 33 59 31 0 0 26 0 19 4 0 0 4 3 3 3 0 0 1 0
1391820375 14 34 59 31 0 0 26 0 19 4 0 0 4 3 3 3 0 0 1 0
1391820414 14 35 59 31 0 0 26 0 20 4 0 0 4 3 3 3 0 0 1 0
1391967307 14 35 60 31 0 0 26 0 20 4 0 0 4 3 3 3 0 0 1 0
1392026728 15 35 60 31 0 0 26 0 20 4 0 0 4 3 3 3 0 0 1 0
1392048987 16 35 60 31 0 0 26 0 20 4 0 0 4 3 3 3 0 0 1 0
1392049654 17 35 60 31 0 0 26 0 20 4 0 0 4 3 3 3 0 0 1 0
1392119737 18 35 60 31 0 0 26 0 20 4 0 0 4 3 3 3 0 0 1 0
1392122730 19 35 60 31 0 0 26 0 20 4 0 0 4 3 3 3 0 0 1 0
1392161593 19 35 61 31 0 0 26 0 20 4 0 0 4 3 3 3 0 0 1 0
1392242021 20 35 61 31 0 0 26 0 20 4 0 0 4 3 3 3 0 0 1 0
1392283735 21 35 61 31 0 0 26 0 20 4 0 0 4 3 3 3 0 0 1 0
1392284442 22 35 61 31 0 0 26 0 20 4 0 0 4 3 3 3 0 0 1 0
1392287445 23 35 61 31 0 0 26 0 20 4 0 0 4 3 3 3 0 0 1 0
1392288900 24 35 61 31 0 0 26 0 20 4 0 0 4 3 3 3 0 0 1 0
1392293862 25 35 61 31 0 0 26 0 20 4 0 0 4 3 3 3 0 0 1 0
1392296206 26 35 61 31 0 0 26 0 20 4 0 0 4 3 3 3 0 0 1 0
1392317431 27 35 61 31 0 0 26 0 20 4 0 0 4 3 3 3 0 0 1 0
1392319999 27 36 61 31 0 0 26 0 20 4 0 0 4 3 3 3 0 0 1 0
1392320013 27 37 61 31 0 0 26 0 20 4 0 0 4 3 3 3 0 0 1 0
1392320044 28 37 61 31 0 0 26 0 20 4 0 0 4 3 3 3 0 0 1 0
1392324771 29 37 61 31 0 0 26 0 20 4 0 0 4 3 3 3 0 0 1 0
1392325162 30 37 61 31 0 0 26 0 20 4 0 0 4 3 3 3 0 0 1 0
1392325209 31 37 61 31 0 0 26 0 20 4 0 0 4 3 3 3 0 0 1 0
1392325276 32 37 61 31 0 0 26 0 20 4 0 0 4 3 3 3 0 0 1 0
1392325300 33 37 61 31 0 0 26 0 20 4 0 0 4 3 3 3 0 0 1 0
1392376288 34 37 61 31 0 0 26 0 20 4 0 0 4 3 3 3 0 0 1 0
1393068920 34 38 61 31 0 0 26 0 20 4 0 0 4 3 3 3 0 0 1 0
1393264272 34 39 61 31 0 0 26 0 20 4 0 0 4 3 3 3 0 0 1 0
1393266712 35 39 61 31 0 0 26 0 20 4 0 0 4 3 3 3 0 0 1 0
1393269589 36 39 61 31 0 0 26 0 20 4 0 0 4 3 3 3 0 0 1 0
1393275469 36 39 61 31 0 0 26 0 20 4 0 0 4 3 3 3 0 1 1 0
1393341372 37 39 61 31 0 0 26 0 20 4 0 0 4 3 3 3 0 1 1 0
1393345394 38 39 61 31 0 0 26 0 20 4 0 0 4 3 3 3 0 1 1 0
1393349342 39 39 61 31 0 0 26 0 20 4 0 0 4 3 3 3 0 1 1 0
1393360921 39 39 62 31 0 0 26 0 20 4 0 0 4 3 3 3 0 1 1 0
1393366194 39 39 63 31 0 0 26 0 20 4 0 0 4 3 3 3 0 1 1 0
1393366737 39 39 64 31 0 0 26 0 20 4 0 0 4 3 3 3 0 1 1 0
1393403054 40 39 64 31 0 0 26 0 20 4 0 0 4 3 3 3 0 1 1 0
1393410874 41 39 64 31 0 0 26 0 20 4 0 0 4 3 3 3 0 1 1 0
1393414037 42 39 64 31 0 0 26 0 20 4 0 0 4 3 3 3 0 1 1 0
1393415668 43 39 64 31 0 0 26 0 20 4 0 0 4 3 3 3 0 1 1 0
1393424736 44 39 64 31 0 0 26 0 20 4 0 0 4 3 3 3 0 1 1 0
1393432522 45 39 64 31 0 0 26 0 20 4 0 0 4 3 3 3 0 1 1 0
1393440271 45 40 64 31 0 0 26 0 20 4 0 0 4 3 3 3 0 1 1 0
1393440277 45 41 64 31 0 0 26 0 20 4 0 0 4 3 3 3 0 1 1 0
1393444989 45 42 64 31 0 0 26 0 20 5 0 0 4 3 3 3 0 1 1 0
1393448592 46 42 64 31 0 0 26 0 20 5 0 0 4 3 3 3 0 1 1 0
1393453885 47 42 64 31 0 0 26 0 20 5 0 0 4 3 3 3 0 1 1 0
1393517776 48 42 64 31 0 0 26 0 20 5 0 0 4 3 3 3 0 1 1 0
1393526345 48 42 65 31 0 0 26 0 20 5 0 0 4 3 3 3 0 1 1 0
1393534077 48 43 65 31 0 0 26 0 20 5 0 0 4 3 3 3 0 1 1 0
1393534093 48 44 65 31 0 0 26 0 20 5 0 0 4 3 3 3 0 1 1 0
1393534917 49 44 65 31 0 0 26 0 20 5 0 0 4 3 3 3 0 1 1 0
1393543714 50 44 65 31 0 0 26 0 20 5 0 0 4 3 3 3 0 1 1 0
1393543767 51 44 65 31 0 0 26 0 20 5 0 0 4 3 3 3 0 1 1 0
1393552574 51 44 66 31 0 0 26 0 20 5 0 0 4 3 3 3 0 1 1 0
1393584924 52 44 66 31 0 0 26 0 20 5 0 0 4 3 3 3 0 1 1 0
1393610516 53 44 66 31 0 0 26 0 20 5 0 0 4 3 3 3 0 1 1 0
1393611798 54 44 66 31 0 0 26 0 20 5 0 0 4 3 3 3 0 1 1 0
1393616016 55 44 66 31 0 0 26 0 20 5 0 0 4 3 3 3 0 1 1 0
1393668282 56 44 66 31 0 0 26 0 20 5 0 0 4 3 3 3 0 1 1 0
1393671387 57 44 66 31 0 0 26 0 20 5 0 0 4 3 3 3 0 1 1 0
1393671481 58 44 66 31 0 0 26 0 20 5 0 0 4 3 3 3 0 1 1 0
1393671569 59 44 66 31 0 0 26 0 20 5 0 0 4 3 3 3 0 1 1 0
1393672171 60 44 66 31 0 0 26 0 20 5 0 0 4 3 3 3 0 1 1 0
1393840804 61 44 66 31 0 0 26 0 20 5 0 0 4 3 3 3 0 1 1 0
1393841674 62 44 66 31 0 0 26 0 20 5 0 0 4 3 3 3 0 1 1 0
1393844128 63 44 66 31 0 0 26 0 20 5 0 0 4 3 3 3 0 1 1 0
1393845517 64 44 66 31 0 0 26 0 20 5 0 0 4 3 3 3 0 1 1 0
1393845860 65 44 66 31 0 0 26 0 20 5 0 0 4 3 3 3 0 1 1 0
1393849217 66 44 66 31 0 0 26 0 20 5 0 0 4 3 3 3 0 1 1 0
1393850668 67 44 66 31 0 0 26 0 20 5 0 0 4 3 3 3 0 1 1 0
1393887726 67 44 67 31 0 0 26 0 20 5 0 0 4 3 3 3 0 1 1 0
1393892156 67 44 68 31 0 0 26 0 20 5 0 0 4 3 3 3 0 1 1 0
1393893583 67 45 68 31 0 0 26 0 20 5 0 0 4 3 3 3 0 1 1 0
1393894132 67 46 68 31 0 0 26 0 20 5 0 0 4 3 3 3 0 1 1 0
1393894216 67 47 68 31 0 0 26 0 20 5 0 0 4 3 3 3 0 1 1 0
1393957940 67 47 69 31 0 0 26 0 20 5 0 0 4 3 3 3 0 1 1 0
1393957952 67 47 70 31 0 0 26 0 20 5 0 0 4 3 3 3 0 1 1 0
1393972627 68 47 70 31 0 0 26 0 20 5 0 0 4 3 3 3 0 1 1 0
1393979684 68 47 71 31 0 0 26 0 20 5 0 0 4 3 3 3 0 1 1 0
1394008614 69 47 71 31 0 0 26 0 20 5 0 0 4 3 3 3 0 1 1 0
1394017803 70 47 71 31 0 0 26 0 20 5 0 0 4 3 3 3 0 1 1 0
1394017850 71 47 71 31 0 0 26 0 20 5 0 0 4 3 3 3 0 1 1 0
1394044161 71 47 72 31 0 0 26 0 20 5 0 0 4 3 3 3 0 1 1 0
1394046673 71 48 72 31 0 0 26 0 20 5 0 0 4 3 3 3 0 1 1 0
1394046702 71 49 72 31 0 0 26 0 20 5 0 0 4 3 3 3 0 1 1 0
1394129717 71 49 73 31 0 0 26 0 20 5 0 0 4 3 3 3 0 1 1 0
1394176157 72 49 73 31 0 0 26 0 20 5 0 0 4 3 3 3 0 1 1 0
1394181573 73 49 73 31 0 0 26 0 20 5 0 0 4 3 3 3 0 1 1 0
1394182945 74 49 73 31 0 0 26 0 20 5 0 0 4 3 3 3 0 1 1 0
1394205336 75 49 73 31 0 0 26 0 20 5 0 0 4 3 3 3 0 1 1 0
1394213120 75 50 73 31 0 0 26 0 20 5 0 0 4 3 3 3 0 1 1 0
1394213490 75 51 73 31 0 0 26 0 20 5 0 0 4 3 3 3 0 1 1 0
1394224938 76 51 73 31 0 0 26 0 20 5 0 0 4 3 3 3 0 1 1 0
1394467455 76 52 73 31 0 0 26 0 20 5 0 0 4 3 3 3 0 1 1 0
1394468947 76 53 73 31 0 0 26 0 20 5 0 0 4 3 3 3 0 1 1 0
1394625475 77 53 73 31 0 0 26 0 20 5 0 0 4 3 3 3 0 1 1 0
1394712015 78 53 73 31 0 0 26 0 20 5 0 0 4 3 3 3 0 1 1 0
1394730395 79 53 73 31 0 0 26 0 20 5 0 0 4 3 3 3 0 1 1 0
1394736795 79 53 74 31 0 0 26 0 20 5 0 0 4 3 3 3 0 1 1 0
1394737215 80 53 74 31 0 0 26 0 20 5 0 0 4 3 3 3 0 1 1 0
1394737258 81 53 74 31 0 0 26 0 20 5 0 0 4 3 3 3 0 1 1 0
1394737385 82 53 74 31 0 0 26 0 20 5 0 0 4 3 3 3 0 1 1 0
1394737568 83 53 74 31 0 0 26 0 20 5 0 0 4 3 3 3 0 1 1 0
1394739311 84 53 74 31 0 0 26 0 20 5 0 0 4 3 3 3 0 1 1 0
1394744767 85 53 74 31 0 0 26 0 20 5 0 0 4 3 3 3 0 1 1 0
1394746411 86 53 74 31 0 0 26 0 20 5 0 0 4 3 3 3 0 1 1 0
1394748568 86 53 75 31 0 0 26 0 20 5 0 0 4 3 3 3 0 1 1 0
1394748582 86 53 76 31 0 0 26 0 20 5 0 0 4 3 3 3 0 1 1 0
1394748634 86 53 77 31 0 0 26 0 20 5 0 0 4 3 3 3 0 1 1 0
1394748712 86 53 78 31 0 0 26 0 20 5 0 0 4 3 3 3 0 1 1 0
1394799741 87 53 78 31 0 0 26 0 20 5 0 0 4 3 3 3 0 1 1 0
1394799776 88 53 78 31 0 0 26 0 20 5 0 0 4 3 3 3 0 1 1 0
1394799810 89 53 78 31 0 0 26 0 20 5 0 0 4 3 3 3 0 1 1 0
1394840521 90 53 78 31 0 0 26 0 20 5 0 0 4 3 3 3 0 1 1 0
1394840989 91 53 78 31 0 0 26 0 20 5 0 0 4 3 3 3 0 1 1 0
1394841818 92 53 78 31 0 0 26 0 20 5 0 0 4 3 3 3 0 1 1 0
1394842317 93 53 78 31 0 0 26 0 20 5 0 0 4 3 3 3 0 1 1 0
1394876605 94 53 78 31 0 0 26 0 20 5 0 0 4 3 3 3 0 1 1 0
1394883179 94 54 78 31 0 0 26 0 20 5 0 0 4 3 3 3 0 1 1 0
1394888821 95 54 78 31 0 0 26 0 20 5 0 0 4 3 3 3 0 1 1 0
1394889266 96 54 78 31 0 0 26 0 20 5 0 0 4 3 3 3 0 1 1 0
1394889525 97 54 78 31 0 0 26 0 20 5 0 0 4 3 3 3 0 1 1 0
1394889539 98 54 78 31 0 0 26 0 20 5 0 0 4 3 3 3 0 1 1 0
1394896905 99 54 78 31 0 0 26 0 20 5 0 0 4 3 3 3 0 1 1 0
1394898057 100 54 78 31 0 0 26 0 20 5 0 0 4 3 3 3 0 1 1 0
1394898709 101 54 78 31 0 0 26 0 20 5 0 0 4 3 3 3 0 1 1 0
1394903451 102 54 78 31 0 0 26 0 20 5 0 0 4 3 3 3 0 1 1 0
1394905288 103 54 78 31 0 0 26 0 20 5 0 0 4 3 3 3 0 1 1 0
1394988439 104 54 78 31 0 0 26 0 20 5 0 0 4 3 3 3 0 1 1 0
1394995915 105 54 78 31 0 0 26 0 20 5 0 0 4 3 3 3 0 1 1 0
1394999468 106 54 78 31 0 0 26 0 20 5 0 0 4 3 3 3 0 1 1 0
1395002822 107 54 78 31 0 0 26 0 20 5 0 0 4 3 3 3 0 1 1 0
1395066933 108 54 78 31 0 0 26 0 20 5 0 0 4 3 3 3 0 1 1 0
1395070873 109 54 78 31 0 0 26 0 20 5 0 0 4 3 3 3 0 1 1 0
1395071533 110 54 78 31 0 0 26 0 20 5 0 0 4 3 3 3 0 1 1 0
1395090535 110 55 78 31 0 0 26 0 20 5 0 0 4 3 3 3 0 1 1 0
1395090638 110 56 78 31 0 0 26 0 20 5 0 0 4 3 3 3 0 1 1 0
1395090649 110 57 78 31 0 0 26 0 20 5 0 0 4 3 3 3 0 1 1 0
1395096025 110 58 78 31 0 0 26 0 20 5 0 0 4 3 3 3 0 1 1 0
1395128341 111 58 78 31 0 0 26 0 20 5 0 0 4 3 3 3 0 1 1 0
1395128446 112 58 78 31 0 0 26 0 20 5 0 0 4 3 3 3 0 1 1 0
1395128585 113 58 78 31 0 0 26 0 20 5 0 0 4 3 3 3 0 1 1 0
1395129656 114 58 78 31 0 0 26 0 20 5 0 0 4 3 3 3 0 1 1 0
1395132989 115 58 78 31 0 0 26 0 20 5 0 0 4 3 3 3 0 1 1 0
1395135597 116 58 78 31 0 0 26 0 20 5 0 0 4 3 3 3 0 1 1 0
1395136381 117 58 78 31 0 0 26 0 20 5 0 0 4 3 3 3 0 1 1 0
1395140299 118 58 78 31 0 0 26 0 20 5 0 0 4 3 3 3 0 1 1 0
1395141895 119 58 78 31 0 0 26 0 20 5 0 0 4 3 3 3 0 1 1 0
1395144875 120 58 78 31 0 0 26 0 20 5 0 0 4 3 3 3 0 1 1 0
1395146985 121 58 78 31 0 0 26 0 20 5 0 0 4 3 3 3 0 1 1 0
1395154842 122 58 78 31 0 0 26 0 20 5 0 0 4 3 3 3 0 1 1 0
1395156607 123 58 78 31 0 0 26 0 20 5 0 0 4 3 3 3 0 1 1 0
1395167824 123 58 79 31 0 0 26 0 20 5 0 0 4 3 3 3 0 1 1 0
1395170513 124 58 79 31 0 0 26 0 20 5 0 0 4 3 3 3 0 1 1 0
1395171381 125 58 79 31 0 0 26 0 20 5 0 0 4 3 3 3 0 1 1 0
1395174915 126 58 79 31 0 0 26 0 20 5 0 0 4 3 3 3 0 1 1 0
1395177185 126 58 80 31 0 0 26 0 20 5 0 0 4 3 3 3 0 1 1 0
1395178349 127 58 80 31 0 0 26 0 20 5 0 0 4 3 3 3 0 1 1 0
1395178525 128 58 80 31 0 0 26 0 20 5 0 0 4 3 3 3 0 1 1 0
1395179021 129 58 80 31 0 0 26 0 20 5 0 0 4 3 3 3 0 1 1 0
1395180088 130 58 80 31 0 0 26 0 20 5 0 0 4 3 3 3 0 1 1 0
1395216988 131 58 80 31 0 0 26 0 20 5 0 0 4 3 3 3 0 1 1 0
1395218311 132 58 80 31 0 0 26 0 20 5 0 0 4 3 3 3 0 1 1 0
1395223942 133 58 80 31 0 0 26 0 20 5 0 0 4 3 3 3 0 1 1 1
1395249440 133 58 81 31 0 0 26 0 20 5 0 0 4 3 3 3 0 1 1 1
1395346300 134 58 81 31 0 0 26 0 20 5 0 0 4 3 3 3 0 1 1 1
1395346491 135 58 81 31 0 0 26 0 20 5 0 0 4 3 3 3 0 1 1 1
1395346533 136 58 81 31 0 0 26 0 20 5 0 0 4 3 3 3 0 1 1 1
1395347025 137 58 81 31 0 0 26 0 20 5 0 0 4 3 3 3 0 1 1 1
1395349687 138 58 81 31 0 0 26 0 20 5 0 0 4 3 3 3 0 1 1 1
1395402583 139 58 81 31 0 0 26 0 20 5 0 0 4 3 3 3 0 1 1 1
1395410224 140 58 81 31 0 0 26 0 20 5 0 0 4 3 3 3 0 1 1 1
1395411088 141 58 81 31 0 0 26 0 20 5 0 0 4 3 3 3 0 1 1 1
1395413625 142 58 81 31 0 0 26 0 20 5 0 0 4 3 3 3 0 1 1 1
1395428233 143 58 81 31 0 0 26 0 20 5 0 0 4 3 3 3 0 1 1 1
1395430898 144 58 81 31 0 0 26 0 20 5 0 0 4 3 3 3 0 1 1 1
1395437420 145 58 81 31 0 0 26 0 20 5 0 0 4 3 3 3 0 1 1 1
1395439780 146 58 81 31 0 0 26 0 20 5 0 0 4 3 3 3 0 1 1 1
1395440076 147 58 81 31 0 0 26 0 20 5 0 0 4 3 3 3 0 1 1 1
1395440573 148 58 81 31 0 0 26 0 20 5 0 0 4 3 3 3 0 1 1 1
1395441614 149 58 81 31 0 0 26 0 20 5 0 0 4 3 3 3 0 1 1 1
1395502734 150 58 81 31 0 0 26 0 20 5 0 0 4 3 3 3 0 1 1 1
1395733509 151 58 81 31 0 0 26 0 20 5 0 0 4 3 3 3 0 1 1 1
1395736452 152 58 81 31 0 0 26 0 20 5 0 0 4 3 3 3 0 1 1 1
1395755381 153 58 81 31 0 0 26 0 20 5 0 0 4 3 3 3 0 1 1 1
1395759420 154 58 81 31 0 0 26 0 20 5 0 0 4 3 3 3 0 1 1 1
1395767568 155 58 81 31 0 0 26 0 20 5 0 0 4 3 3 3 0 1 1 1
1395860932 156 58 81 31 0 0 26 0 20 5 0 0 4 3 3 3 0 1 1 1
1395862610 157 58 81 31 0 0 26 0 20 5 0 0 4 3 3 3 0 1 1 1
1395870923 158 58 81 31 0 0 26 0 20 5 0 0 4 3 3 3 0 1 1 1
1395871943 159 58 81 31 0 0 26 0 20 5 0 0 4 3 3 3 0 1 1 1
1395873831 160 58 81 31 0 0 26 0 20 5 0 0 4 3 3 3 0 1 1 1
1395874089 161 58 81 31 0 0 26 0 20 5 0 0 4 3 3 3 0 1 1 1
1395906909 162 58 81 31 0 0 26 0 20 5 0 0 4 3 3 3 0 1 1 1
1395908043 163 58 81 31 0 0 26 0 20 5 0 0 4 3 3 3 0 1 1 1
1395909716 164 58 81 31 0 0 26 0 20 5 0 0 4 3 3 3 0 1 1 1
1395911480 165 58 81 31 0 0 26 0 20 5 0 0 4 3 3 3 0 1 1 1
1395918598 166 58 81 31 0 0 26 0 20 5 0 0 4 3 3 3 0 1 1 1
1395918857 167 58 81 31 0 0 26 0 20 5 0 0 4 3 3 3 0 1 1 1
1396228176 167 58 82 31 0 0 26 0 20 5 0 0 4 3 3 3 0 1 1 1
1396268071 168 58 82 31 0 0 26 0 20 5 0 0 4 3 3 3 0 1 1 1
1396274775 169 58 82 31 0 0 26 0 20 5 0 0 4 3 3 3 0 1 1 1
1396291520 169 58 83 31 0 0 26 0 20 5 0 0 4 3 3 3 0 1 1 1
1396291545 169 58 84 31 0 0 26 0 20 5 0 0 4 3 3 3 0 1 1 1
1396299321 169 58 85 31 0 0 26 0 20 5 0 0 4 3 3 3 0 1 1 1
1396304808 169 58 86 31 0 0 26 0 20 5 0 0 4 3 3 3 0 1 1 1
1396336404 170 58 86 31 0 0 26 0 20 5 0 0 4 3 3 3 0 1 1 1
1396339865 171 58 86 31 0 0 26 0 20 5 0 0 4 3 3 3 0 1 1 1
1396340900 172 58 86 31 0 0 26 0 20 5 0 0 4 3 3 3 0 1 1 1
1396342911 173 58 86 31 0 0 26 0 20 5 0 0 4 3 3 3 0 1 1 1
1396344461 174 58 86 31 0 0 26 0 20 5 0 0 4 3 3 3 0 1 1 1
1396345935 175 58 86 31 0 0 26 0 20 5 0 0 4 3 3 3 0 1 1 1
1396351667 176 58 86 31 0 0 26 0 20 5 0 0 4 3 3 3 0 1 1 1
1396358674 177 58 86 31 0 0 26 0 20 5 0 0 4 3 3 3 0 1 1 1
1396392281 178 58 86 31 0 0 26 0 20 5 0 0 4 3 3 3 0 1 1 1
1396421735 179 58 86 31 0 0 26 0 20 5 0 0 4 3 3 3 0 1 1 1
1396422607 180 58 86 31 0 0 26 0 20 5 0 0 4 3 3 3 0 1 1 1
1396433562 184 58 86 31 0 0 26 0 20 5 0 0 4 3 3 3 0 1 1 1
1396435036 185 58 86 31 0 0 26 0 20 5 0 0 4 3 3 3 0 1 1 1
1396436539 186 58 86 31 0 0 26 0 20 5 0 0 4 3 3 3 0 1 1 1
1396445718 187 58 86 31 0 0 26 0 20 5 0 0 4 3 3 3 0 1 1 1
1396446024 188 58 86 31 0 0 26 0 20 5 0 0 4 3 3 3 0 1 1 1
1396452530 189 58 86 31 0 0 26 0 20 5 0 0 4 3 3 3 0 1 1 1
1396454954 190 58 86 31 0 0 26 0 20 5 0 0 4 3 3 3 0 1 1 1
1396475222 191 58 86 31 0 0 26 0 20 5 0 0 4 3 3 3 0 1 1 1
1396520884 192 58 86 31 0 0 26 0 20 5 0 0 4 3 3 3 0 1 1 1
1396523997 193 58 86 31 0 0 26 0 20 5 0 0 4 3 3 3 0 1 1 1
1396527419 194 58 86 31 0 0 26 0 20 5 0 0 4 3 3 3 0 1 1 1
1396553213 195 58 86 31 0 0 26 0 20 5 0 0 4 3 3 3 0 1 1 1
1396585090 195 58 87 31 0 0 26 0 20 5 0 0 4 3 3 3 0 1 1 1
1396591269 196 58 87 31 0 0 26 0 20 5 0 0 4 3 3 3 0 1 1 1
1396892344 196 58 88 31 0 0 26 0 20 5 0 0 4 3 3 3 0 1 1 1
1396895863 196 58 89 31 0 0 26 0 20 5 0 0 4 3 3 3 0 1 1 1
1396971229 196 59 89 31 0 0 26 0 20 5 0 0 4 3 3 3 0 1 1 1
1397027096 197 59 89 31 0 0 26 0 20 5 0 0 4 3 3 3 0 1 1 1
1397157645 197 59 90 31 0 0 26 0 20 5 0 0 4 3 3 3 0 1 1 1
1397497493 197 60 90 31 0 0 26 0 20 5 0 0 4 3 3 3 0 1 1 1
1397497746 197 61 90 31 0 0 26 0 20 5 0 0 4 3 3 3 0 1 1 1
1397576122 197 62 90 31 0 0 26 0 20 5 0 0 4 3 3 3 0 1 1 1
1397576447 197 63 90 31 0 0 26 0 20 5 0 0 4 3 3 3 0 1 1 1
1397589328 197 63 91 31 0 0 26 0 20 5 0 0 4 3 3 3 0 1 1 1
1397750770 197 63 91 31 0 1 26 0 20 5 0 0 4 3 3 3 0 1 1 1
1398107342 197 63 92 31 0 1 26 0 20 5 0 0 4 3 3 3 0 1 1 1
1398795493 197 63 93 31 0 1 26 0 20 5 0 0 4 3 3 3 0 1 1 1
1398888576 197 63 93 31 0 2 26 0 20 5 0 0 4 3 3 3 0 1 1 1
1398888759 197 63 93 31 0 3 26 0 20 5 0 0 4 3 3 3 0 1 1 1
1398888760 197 63 93 31 0 4 26 0 20 5 0 0 4 3 3 3 0 1 1 1
1398890920 197 63 93 31 0 5 26 0 20 5 0 0 4 3 3 3 0 1 1 1
1398892060 197 63 94 31 0 5 26 0 20 5 0 0 4 3 3 3 0 1 1 1
1398894191 197 63 95 31 0 5 26 0 20 5 0 0 4 3 3 3 0 1 1 1
1399304812 197 63 96 31 0 5 26 0 20 5 0 0 4 3 3 3 0 1 1 1
1399416972 197 63 97 31 0 5 26 0 20 5 0 0 4 3 3 3 0 1 1 1
1399502641 197 63 98 31 0 5 26 0 20 5 0 0 4 3 3 3 0 1 1 1
1399502912 197 63 99 31 0 5 26 0 20 5 0 0 4 3 3 3 0 1 1 1
1399503245 197 63 100 31 0 5 26 0 20 5 0 0 4 3 3 3 0 1 1 1
1399657749 197 63 101 31 0 5 26 0 20 5 0 0 4 3 3 3 0 1 1 1
1399672464 197 63 102 31 0 5 26 0 20 5 0 0 4 3 3 3 0 1 1 1
1400085698 197 63 103 31 0 5 26 0 20 5 0 0 4 3 3 3 0 1 1 1
1400085833 197 63 104 31 0 5 26 0 20 5 0 0 4 3 3 3 0 1 1 1
1400085956 197 63 105 31 0 5 26 0 20 5 0 0 4 3 3 3 0 1 1 1
1400086357 197 63 106 31 0 5 26 0 20 5 0 0 4 3 3 3 0 1 1 1
1400598291 197 63 107 31 0 5 26 0 20 5 0 0 4 3 3 3 0 1 1 1
1400609326 197 63 108 31 0 5 26 0 20 5 0 0 4 3 3 3 0 1 1 1
1401870177 198 63 108 31 0 5 26 0 20 5 0 0 4 3 3 3 0 1 1 1
1401904277 199 63 108 31 0 5 26 0 20 5 0 0 4 3 3 3 0 1 1 1
1401907777 200 63 108 31 0 5 26 0 20 5 0 0 4 3 3 3 0 1 1 1
1401908098 201 63 108 31 0 5 26 0 20 5 0 0 4 3 3 3 0 1 1 1
1401975435 202 63 108 31 0 5 26 0 20 5 0 0 4 3 3 3 0 1 1 1
1401977578 203 63 108 31 0 5 26 0 20 5 0 0 4 3 3 3 0 1 1 1
1402158880 204 63 108 31 0 5 26 0 20 5 0 0 4 3 3 3 0 1 1 1
1402360701 204 63 109 31 0 5 26 0 20 5 0 0 4 3 3 3 0 1 1 1
1402380161 205 63 109 31 0 5 26 0 20 5 0 0 4 3 3 3 0 1 1 1
1402436494 205 63 110 31 0 5 26 0 20 5 0 0 4 3 3 3 0 1 1 1
1402436540 205 63 111 31 0 5 26 0 20 5 0 0 4 3 3 3 0 1 1 1
1402439381 206 63 111 31 0 5 26 0 20 5 0 0 4 3 3 3 0 1 1 1
1402468535 207 63 111 31 0 5 26 0 20 5 0 0 4 3 3 3 0 1 1 1
1402531268 207 63 112 31 0 5 26 0 20 5 0 0 4 3 3 3 0 1 1 1
1402544927 208 63 112 31 0 5 26 0 20 5 0 0 4 3 3 3 0 1 1 1
1402544946 209 63 112 31 0 5 26 0 20 5 0 0 4 3 3 3 0 1 1 1
1402546769 210 63 112 31 0 5 26 0 20 5 0 0 4 3 3 3 0 1 1 1
1402550856 211 63 112 31 0 5 26 0 20 5 0 0 4 3 3 3 0 1 1 1
1402597303 211 63 113 31 0 5 26 0 20 5 0 0 4 3 3 3 0 1 1 1
1402602470 211 63 114 31 0 5 26 0 20 5 0 0 4 3 3 3 0 1 1 1
1402695903 211 63 115 31 0 5 26 0 20 5 0 0 4 3 3 3 0 1 1 1
1402933455 212 63 115 31 0 5 26 0 20 5 0 0 4 3 3 3 0 1 1 1
1402943088 213 63 115 31 0 5 26 0 20 5 0 0 4 3 3 3 0 1 1 1
1402946182 213 63 116 31 0 5 26 0 20 5 0 0 4 3 3 3 0 1 1 1
1402953983 213 63 117 31 0 5 26 0 20 5 0 0 4 3 3 3 0 1 1 1
1403032437 213 63 117 31 0 6 26 0 20 5 0 0 4 3 3 3 0 1 1 1
1403032786 213 63 117 31 0 7 26 0 20 5 0 0 4 3 3 3 0 1 1 1
1403046006 213 63 118 31 0 7 26 0 20 5 0 0 4 3 3 3 0 1 1 1
1403046015 213 63 119 31 0 7 26 0 20 5 0 0 4 3 3 3 0 1 1 1
1403117669 213 63 120 31 0 7 26 0 20 5 0 0 4 3 3 3 0 1 1 1
1403126395 213 63 121 31 0 7 26 0 20 5 0 0 4 3 3 3 0 1 1 1
1403288018 213 63 122 31 0 7 26 0 20 5 0 0 4 3 3 3 0 1 1 1
1403636934 213 63 123 31 0 7 26 0 20 5 0 0 4 3 3 3 0 1 1 1
1403637219 213 63 124 31 0 7 26 0 20 5 0 0 4 3 3 3 0 1 1 1
1403692029 213 63 124 31 0 7 26 0 20 5 0 0 4 3 3 3 0 1 1 1
1403711614 213 63 125 31 0 7 26 0 20 5 0 0 4 3 3 3 0 1 1 1
1404207952 213 63 125 31 0 7 26 0 20 5 1 0 4 3 3 3 0 1 1 1
1404208127 213 63 125 31 0 7 26 0 20 5 2 0 4 3 3 3 0 1 1 1
1404208222 213 63 125 31 0 7 26 0 20 5 3 0 4 3 3 3 0 1 1 1
1404208348 213 63 125 31 0 7 26 0 20 5 4 0 4 3 3 3 0 1 1 1
1404210787 213 63 125 31 0 7 26 0 20 5 5 0 4 3 3 3 0 1 1 1
1404211022 213 63 125 31 0 7 26 0 20 5 6 0 4 3 3 3 0 1 1 1
1404211064 213 63 125 31 0 7 26 0 20 5 7 0 4 3 3 3 0 1 1 1
1404211126 213 63 125 31 0 7 26 0 20 5 8 0 4 3 3 3 0 1 1 1
1404211172 213 63 125 31 0 7 26 0 20 5 9 0 4 3 3 3 0 1 1 1
1404211221 213 63 125 31 0 7 26 0 20 5 10 0 4 3 3 3 0 1 1 1
1404211269 213 63 125 31 0 7 26 0 20 5 11 0 4 3 3 3 0 1 1 1
1404211319 213 63 125 31 0 7 26 0 20 5 12 0 4 3 3 3 0 1 1 1
1404211372 213 63 125 31 0 7 26 0 20 5 13 0 4 3 3 3 0 1 1 1
1404259844 213 63 126 31 0 7 26 0 20 5 13 0 4 3 3 3 0 1 1 1
1404896922 213 63 126 31 1 7 26 0 20 5 13 0 4 3 3 3 0 1 1 1
1404940971 214 63 126 31 1 7 26 0 20 5 13 0 4 3 3 3 0 1 1 1
1404975083 215 63 126 31 1 7 26 0 20 5 13 0 4 3 3 3 0 1 1 1
1404980431 216 63 126 31 1 7 26 0 20 5 13 0 4 3 3 3 0 1 1 1
1404981338 217 63 126 31 1 7 26 0 20 5 13 0 4 3 3 3 0 1 1 1
1404989989 218 63 126 31 1 7 26 0 20 5 13 0 4 3 3 3 0 1 1 1
1404991649 219 63 126 31 1 7 26 0 20 5 13 0 4 3 3 3 0 1 1 1
1404998282 220 63 126 31 1 7 26 0 20 5 13 0 4 3 3 3 0 1 1 1
1405037155 220 63 126 31 1 7 26 1 20 5 13 0 4 3 3 3 0 1 1 1
1405061700 221 63 126 31 1 7 26 1 20 5 13 0 4 3 3 3 0 1 1 1
1405068144 222 63 126 31 1 7 26 1 20 5 13 0 4 3 3 3 0 1 1 1
1405111768 222 63 126 31 1 7 26 2 20 5 13 0 4 3 3 3 0 1 1 1
1405122221 222 63 126 31 1 7 26 3 20 5 13 0 4 3 3 3 0 1 1 1
1405122235 222 63 126 31 1 7 26 4 20 5 13 0 4 3 3 3 0 1 1 1
1405124475 222 63 126 31 1 7 26 5 20 5 13 0 4 3 3 3 0 1 1 1
1405124488 222 63 126 31 1 7 26 6 20 5 13 0 4 3 3 3 0 1 1 1
1405158441 223 63 126 31 1 7 26 6 20 5 13 0 4 3 3 3 0 1 1 1
1405449985 223 63 126 31 1 7 26 7 20 5 13 0 4 3 3 3 0 1 1 1
1405450361 223 63 126 31 1 7 26 8 20 5 13 0 4 3 3 3 0 1 1 1
1405450382 223 63 126 31 1 7 26 9 20 5 13 0 4 3 3 3 0 1 1 1
1405465358 223 63 126 31 1 7 26 10 20 5 13 0 4 3 3 3 0 1 1 1
1405465386 223 63 126 31 1 7 26 11 20 5 13 0 4 3 3 3 0 1 1 1
1405592779 224 63 126 31 1 7 26 11 20 5 13 0 4 3 3 3 0 1 1 1
1405593501 225 63 126 31 1 7 26 11 20 5 13 0 4 3 3 3 0 1 1 1
1405593696 226 63 126 31 1 7 26 11 20 5 13 0 4 3 3 3 0 1 1 1
1405594297 227 63 126 31 1 7 26 11 20 5 13 0 4 3 3 3 0 1 1 1
1405594532 228 63 126 31 1 7 26 11 20 5 13 0 4 3 3 3 0 1 1 1
1405594868 229 63 126 31 1 7 26 11 20 5 13 0 4 3 3 3 0 1 1 1
1405595044 230 63 126 31 1 7 26 11 20 5 13 0 4 3 3 3 0 1 1 1
1405595351 231 63 126 31 1 7 26 11 20 5 13 0 4 3 3 3 0 1 1 1
1405595946 232 63 126 31 1 7 26 11 20 5 13 0 4 3 3 3 0 1 1 1
1405596546 233 63 126 31 1 7 26 11 20 5 13 0 4 3 3 3 0 1 1 1
1405596867 234 63 126 31 1 7 26 11 20 5 13 0 4 3 3 3 0 1 1 1
1405597120 235 63 126 31 1 7 26 11 20 5 13 0 4 3 3 3 0 1 1 1
1405597573 236 63 126 31 1 7 26 11 20 5 13 0 4 3 3 3 0 1 1 1
1405597845 237 63 126 31 1 7 26 11 20 5 13 0 4 3 3 3 0 1 1 1
1405598336 238 63 126 31 1 7 26 11 20 5 13 0 4 3 3 3 0 1 1 1
1405598765 239 63 126 31 1 7 26 11 20 5 13 0 4 3 3 3 0 1 1 1
1405599119 240 63 126 31 1 7 26 11 20 5 13 0 4 3 3 3 0 1 1 1
1405600522 241 63 126 31 1 7 26 11 20 5 13 0 4 3 3 3 0 1 1 1
1405601497 242 63 126 31 1 7 26 11 20 5 13 0 4 3 3 3 0 1 1 1
1405676269 243 63 126 31 1 7 26 11 20 5 13 0 4 3 3 3 0 1 1 1
1405681325 244 63 126 31 1 7 26 11 20 5 13 0 4 3 3 3 0 1 1 1
1405683288 245 63 126 31 1 7 26 11 20 5 13 0 4 3 3 3 0 1 1 1
1405684386 246 63 126 31 1 7 26 11 20 5 13 0 4 3 3 3 0 1 1 1
1405684954 247 63 126 31 1 7 26 11 20 5 13 0 4 3 3 3 0 1 1 1
1405685234 248 63 126 31 1 7 26 11 20 5 13 0 4 3 3 3 0 1 1 1
1405685291 249 63 126 31 1 7 26 11 20 5 13 0 4 3 3 3 0 1 1 1
1405686080 250 63 126 31 1 7 26 11 20 5 13 0 4 3 3 3 0 1 1 1
1405686408 251 63 126 31 1 7 26 11 20 5 13 0 4 3 3 3 0 1 1 1
1405686461 252 63 126 31 1 7 26 11 20 5 13 0 4 3 3 3 0 1 1 1
1405686748 253 63 126 31 1 7 26 11 20 5 13 0 4 3 3 3 0 1 1 1
1405687137 254 63 126 31 1 7 26 11 20 5 13 0 4 3 3 3 0 1 1 1
1405688860 255 63 126 31 1 7 26 11 20 5 13 0 4 3 3 3 0 1 1 1
1406026611 256 63 126 31 1 7 26 11 20 5 13 0 4 3 3 3 0 1 1 1
1406027554 257 63 126 31 1 7 26 11 20 5 13 0 4 3 3 3 0 1 1 1
1406028425 258 63 126 31 1 7 26 11 20 5 13 0 4 3 3 3 0 1 1 1
1406293448 259 63 126 31 1 7 26 11 20 5 13 0 4 3 3 3 0 1 1 1
1406294109 260 63 126 31 1 7 26 11 20 5 13 0 4 3 3 3 0 1 1 1
1406295651 261 63 126 31 1 7 26 11 20 5 13 0 4 3 3 3 0 1 1 1
1406302989 262 63 126 31 1 7 26 11 20 5 13 0 4 3 3 3 0 1 1 1
1406303588 263 63 126 31 1 7 26 11 20 5 13 0 4 3 3 3 0 1 1 1
1406304505 264 63 126 31 1 7 26 11 20 5 13 0 4 3 3 3 0 1 1 1
1406304665 265 63 126 31 1 7 26 11 20 5 13 0 4 3 3 3 0 1 1 1
1406314980 266 63 126 31 1 7 26 11 20 5 13 0 4 3 3 3 0 1 1 1
1406327681 267 63 126 31 1 7 26 11 20 5 13 0 4 3 3 3 0 1 1 1
1406491012 268 63 126 31 1 7 26 11 20 5 13 0 4 3 3 3 0 1 1 1
1406494355 269 63 126 31 1 7 26 11 20 5 13 0 4 3 3 3 0 1 1 1
1406506028 270 63 126 31 1 7 26 11 20 5 13 0 4 3 3 3 0 1 1 1
1406550700 271 63 126 31 1 7 26 11 20 5 13 0 4 3 3 3 0 1 1 1
1406551515 272 63 126 31 1 7 26 11 20 5 13 0 4 3 3 3 0 1 1 1
1406583600 272 64 126 31 1 7 26 11 20 5 13 0 4 3 3 3 0 1 1 1
1406611022 272 65 126 31 1 7 26 11 20 5 13 0 4 3 3 3 0 1 1 1
1406624354 273 65 126 31 1 7 26 11 20 5 13 0 4 3 3 3 0 1 1 1
1406624490 274 65 126 31 1 7 26 11 20 5 13 0 4 3 3 3 0 1 1 1
1406637189 274 66 126 31 1 7 26 11 20 5 13 0 4 3 3 3 0 1 1 1
1406637370 274 67 126 31 1 7 26 11 20 5 13 0 4 3 3 3 0 1 1 1
1406637737 274 68 126 31 1 7 26 11 20 5 13 0 4 3 3 3 0 1 1 1
1406638118 274 69 126 31 1 7 26 11 20 5 13 0 4 3 3 3 0 1 1 1
1406638398 274 70 126 31 1 7 26 11 20 5 13 0 4 3 3 3 0 1 1 1
1406639265 274 71 126 31 1 7 26 11 20 5 13 0 4 3 3 3 0 1 1 1
1406639947 274 72 126 31 1 7 26 11 20 5 13 0 4 3 3 3 0 1 1 1
1406641385 274 73 126 31 1 7 26 11 20 5 13 0 4 3 3 3 0 1 1 1
1406641815 274 74 126 31 1 7 26 11 20 5 13 0 4 3 3 3 0 1 1 1
1406647236 274 75 126 31 1 7 26 11 20 5 13 0 4 3 3 3 0 1 1 1
1406649210 274 76 126 31 1 7 26 11 20 5 13 0 4 3 3 3 0 1 1 1
1406654618 274 76 126 31 1 7 26 12 20 5 13 0 4 3 3 3 0 1 1 1
1406655098 274 76 126 31 1 7 26 13 20 5 13 0 4 3 3 3 0 1 1 1
1406657861 274 77 126 31 1 7 26 13 20 5 13 0 4 3 3 3 0 1 1 1
1406666820 275 77 126 31 1 7 26 13 20 5 13 0 4 3 3 3 0 1 1 1
1406668930 275 78 126 31 1 7 26 13 20 5 13 0 4 3 3 3 0 1 1 1
1406669084 276 78 126 31 1 7 26 13 20 5 13 0 4 3 3 3 0 1 1 1
1406671264 276 79 126 31 1 7 26 13 20 5 13 0 4 3 3 3 0 1 1 1
1406671771 277 79 126 31 1 7 26 13 20 5 13 0 4 3 3 3 0 1 1 1
1406672141 278 79 126 31 1 7 26 13 20 5 13 0 4 3 3 3 0 1 1 1
1406672306 279 79 126 31 1 7 26 13 20 5 13 0 4 3 3 3 0 1 1 1
1406672633 279 80 126 31 1 7 26 13 20 5 13 0 4 3 3 3 0 1 1 1
1406673275 280 80 126 31 1 7 26 13 20 5 13 0 4 3 3 3 0 1 1 1
1406673328 280 81 126 31 1 7 26 13 20 5 13 0 4 3 3 3 0 1 1 1
1406673393 281 81 126 31 1 7 26 13 20 5 13 0 4 3 3 3 0 1 1 1
1406673484 282 81 126 31 1 7 26 13 20 5 13 0 4 3 3 3 0 1 1 1
1406673510 283 81 126 31 1 7 26 13 20 5 13 0 4 3 3 3 0 1 1 1
1406673681 284 81 126 31 1 7 26 13 20 5 13 0 4 3 3 3 0 1 1 1
1406677014 284 81 126 31 1 7 26 14 20 5 13 0 4 3 3 3 0 1 1 1
1406677064 284 81 126 31 1 7 26 15 20 5 13 0 4 3 3 3 0 1 1 1
1406677082 284 81 126 31 1 7 26 16 20 5 13 0 4 3 3 3 0 1 1 1
1406677241 284 81 126 31 1 7 26 17 20 5 13 0 4 3 3 3 0 1 1 1
1406678599 284 81 126 31 1 7 26 18 20 5 13 0 4 3 3 3 0 1 1 1
1406729186 285 81 126 31 1 7 26 18 20 5 13 0 4 3 3 3 0 1 1 1
1406734289 286 81 126 31 1 7 26 18 20 5 13 0 4 3 3 3 0 1 1 1
1406735053 287 81 126 31 1 7 26 18 20 5 13 0 4 3 3 3 0 1 1 1
1406739029 288 81 126 31 1 7 26 18 20 5 13 0 4 3 3 3 0 1 1 1
1406740346 288 81 126 31 1 7 26 19 20 5 13 0 4 3 3 3 0 1 1 1
1406742874 288 81 126 31 1 7 26 20 20 5 13 0 4 3 3 3 0 1 1 1
1406745270 288 81 126 31 1 7 26 21 20 5 13 0 4 3 3 3 0 1 1 1
1406759499 289 81 126 31 1 7 26 21 20 5 13 0 4 3 3 3 0 1 1 1
1406759851 290 81 126 31 1 7 26 21 20 5 13 0 4 3 3 3 0 1 1 1
1406759972 290 81 126 31 2 7 26 21 20 5 13 0 4 3 3 3 0 1 1 1
1406759997 291 81 126 31 2 7 26 21 20 5 13 0 4 3 3 3 0 1 1 1
1406760871 292 81 126 31 2 7 26 21 20 5 13 0 4 3 3 3 0 1 1 1
1406761144 293 81 126 31 2 7 26 21 20 5 13 0 4 3 3 3 0 1 1 1
1406764496 293 81 126 31 2 7 26 22 20 5 13 0 4 3 3 3 0 1 1 1
1406825258 293 81 126 31 2 7 26 22 20 6 13 0 4 3 3 3 0 1 1 1
1406826358 293 81 126 31 2 7 26 23 20 6 13 0 4 3 3 3 0 1 1 1
1406828503 293 81 126 31 2 7 26 24 20 6 13 0 4 3 3 3 0 1 1 1
1406832927 294 81 126 31 2 7 26 24 20 6 13 0 4 3 3 3 0 1 1 1
1406834847 295 81 126 31 2 7 26 24 20 6 13 0 4 3 3 3 0 1 1 1
1406835243 296 81 126 31 2 7 26 24 20 6 13 0 4 3 3 3 0 1 1 1
1406835506 297 81 126 31 2 7 26 24 20 6 13 0 4 3 3 3 0 1 1 1
1406835578 298 81 126 31 2 7 26 24 20 6 13 0 4 3 3 3 0 1 1 1
1406842561 298 81 126 31 3 7 26 24 20 6 13 0 4 3 3 3 0 1 1 1
1406843881 299 81 126 31 3 7 26 24 20 6 13 0 4 3 3 3 0 1 1 1
1406844839 300 81 126 31 3 7 26 24 20 6 13 0 4 3 3 3 0 1 1 1
1406887447 301 81 126 31 3 7 26 24 20 6 13 0 4 3 3 3 0 1 1 1
1406892684 302 81 126 31 3 7 26 24 20 6 13 0 4 3 3 3 0 1 1 1
1406893712 303 81 126 31 3 7 26 24 20 6 13 0 4 3 3 3 0 1 1 1
1406893746 304 81 126 31 3 7 26 24 20 6 13 0 4 3 3 3 0 1 1 1
1406894072 305 81 126 31 3 7 26 24 20 6 13 0 4 3 3 3 0 1 1 1
1406911028 306 81 126 31 3 7 26 24 20 6 13 0 4 3 3 3 0 1 1 1
1406911149 307 81 126 31 3 7 26 24 20 6 13 0 4 3 3 3 0 1 1 1
1406911154 308 81 126 31 3 7 26 24 20 6 13 0 4 3 3 3 0 1 1 1
1406911598 309 81 126 31 3 7 26 24 20 6 13 0 4 3 3 3 0 1 1 1
1406915266 310 81 126 31 3 7 26 24 20 6 13 0 4 3 3 3 0 1 1 1
1406924774 310 82 126 31 3 7 26 24 20 6 13 0 4 3 3 3 0 1 1 1
1406924780 311 82 126 31 3 7 26 24 20 6 13 0 4 3 3 3 0 1 1 1
1406924817 312 82 126 31 3 7 26 24 20 6 13 0 4 3 3 3 0 1 1 1
1406924837 313 82 126 31 3 7 26 24 20 6 13 0 4 3 3 3 0 1 1 1
1406925937 314 82 126 31 3 7 26 24 20 6 13 0 4 3 3 3 0 1 1 1
1406926921 315 82 126 31 3 7 26 24 20 6 13 0 4 3 3 3 0 1 1 1
1407147299 316 82 126 31 3 7 26 24 20 6 13 0 4 3 3 3 0 1 1 1
1407181032 317 82 126 31 3 7 26 24 20 6 13 0 4 3 3 3 0 1 1 1
1407181142 318 82 126 31 3 7 26 24 20 6 13 0 4 3 3 3 0 1 1 1
1407262487 319 82 126 31 3 7 26 24 20 6 13 0 4 3 3 3 0 1 1 1
1407335005 320 82 126 31 3 7 26 24 20 6 13 0 4 3 3 3 0 1 1 1
1407359490 321 82 126 31 3 7 26 24 20 6 13 0 4 3 3 3 0 1 1 1
1407361113 322 82 126 31 3 7 26 24 20 6 13 0 4 3 3 3 0 1 1 1
1407452634 323 82 126 31 3 7 26 24 20 6 13 0 4 3 3 3 0 1 1 1
1407452673 324 82 126 31 3 7 26 24 20 6 13 0 4 3 3 3 0 1 1 1
1407454291 324 82 126 31 4 7 26 24 20 6 13 0 4 3 3 3 0 1 1 1
1407454401 325 82 126 31 4 7 26 24 20 6 13 0 4 3 3 3 0 1 1 1
1407456582 326 82 126 31 4 7 26 24 20 6 13 0 4 3 3 3 0 1 1 1
1407457463 327 82 126 31 4 7 26 24 20 6 13 0 4 3 3 3 0 1 1 1
1407460261 328 82 126 31 4 7 26 24 20 6 13 0 4 3 3 3 0 1 1 1
1407783612 329 82 126 31 4 7 26 24 20 6 13 0 4 3 3 3 0 1 1 1
1407795981 329 83 126 31 4 7 26 24 20 6 13 0 4 3 3 3 0 1 1 1
1407877201 329 84 126 31 4 7 26 24 20 6 13 0 4 3 3 3 0 1 1 1
1407878457 329 85 126 31 4 7 26 24 20 6 13 0 4 3 3 3 0 1 1 1
1407941992 329 86 126 31 4 7 26 24 20 6 13 0 4 3 3 3 0 1 1 1
1407942024 329 87 126 31 4 7 26 24 20 6 13 0 4 3 3 3 0 1 1 1
1408134594 329 87 126 31 4 7 26 24 20 6 13 1 4 3 3 3 0 1 1 1
1408136539 329 87 126 31 4 7 26 24 20 6 13 2 4 3 3 3 0 1 1 1
1408143300 329 88 126 31 4 7 26 24 20 6 13 2 4 3 3 3 0 1 1 1
1408463158 329 89 126 31 4 7 26 24 20 6 13 2 4 3 3 3 0 1 1 1
1408463870 329 90 126 31 4 7 26 24 20 6 13 2 4 3 3 3 0 1 1 1
1408475260 329 90 126 31 4 7 26 24 20 7 13 2 4 3 3 3 0 1 1 1
1408475360 329 90 126 31 4 7 26 24 20 8 13 2 4 3 3 3 0 1 1 1
1408479954 329 91 126 31 4 7 26 24 20 8 13 2 4 3 3 3 0 1 1 1
1408483576 329 92 126 31 4 7 26 24 20 8 13 2 4 3 3 3 0 1 1 1
1408484107 329 93 126 31 4 7 26 24 20 8 13 2 4 3 3 3 0 1 1 1
1408485156 329 94 126 31 4 7 26 24 20 8 13 2 4 3 3 3 0 1 1 1
1408486348 329 95 126 31 4 7 26 24 20 8 13 2 4 3 3 3 0 1 1 1
1408563421 329 96 126 31 4 7 26 24 20 8 13 2 4 3 3 3 0 1 1 1
1408631315 329 97 126 31 4 7 26 24 20 8 13 2 4 3 3 3 0 1 1 1
1408645730 329 98 126 31 4 7 26 24 20 8 13 2 4 3 3 3 0 1 1 1
1408975689 329 99 126 31 4 7 26 24 20 8 13 2 4 3 3 3 0 1 1 1
1408976346 329 100 126 31 4 7 26 24 20 8 13 2 4 3 3 3 0 1 1 1
1408989455 329 100 126 31 4 7 26 24 20 8 13 3 4 3 3 3 0 1 1 1
1409002143 329 100 126 31 4 7 26 24 20 9 13 3 4 3 3 3 0 1 1 1
1409059613 329 100 126 31 4 7 26 24 20 9 13 4 4 3 3 3 0 1 1 1
1409062861 329 100 126 31 4 7 26 24 20 10 13 4 4 3 3 3 0 1 1 1
1409072845 329 101 126 31 4 7 26 24 20 10 13 4 4 3 3 3 0 1 1 1
1409072862 329 102 126 31 4 7 26 24 20 10 13 4 4 3 3 3 0 1 1 1
1409079500 329 102 126 31 4 7 27 24 20 10 13 4 4 3 3 3 0 1 1 1
1409138497 329 102 126 31 4 7 27 24 20 11 13 4 4 3 3 3 0 1 1 1
1409246936 329 103 126 31 4 7 27 24 20 11 13 4 4 3 3 3 0 1 1 1
1409514813 330 103 126 31 4 7 27 24 20 11 13 4 4 3 3 3 0 1 1 1
1409514917 331 103 126 31 4 7 27 24 20 11 13 4 4 3 3 3 0 1 1 1
1409515414 332 103 126 31 4 7 27 24 20 11 13 4 4 3 3 3 0 1 1 1
1409516877 333 103 126 31 4 7 27 24 20 11 13 4 4 3 3 3 0 1 1 1
1409520939 334 103 126 31 4 7 27 24 20 11 13 4 4 3 3 3 0 1 1 1
1409575062 335 103 126 31 4 7 27 24 20 11 13 4 4 3 3 3 0 1 1 1
1409582366 335 103 126 31 4 8 27 24 20 11 13 4 4 3 3 3 0 1 1 1
1409590106 336 103 126 31 4 8 27 24 20 11 13 4 4 3 3 3 0 1 1 1
1409643081 337 103 126 31 4 8 27 24 20 11 13 4 4 3 3 3 0 1 1 1
1409676102 337 104 126 31 4 8 27 24 20 11 13 4 4 3 3 3 0 1 1 1
1409736272 338 104 126 31 4 8 27 24 20 11 13 4 4 3 3 3 0 1 1 1
1409736422 339 104 126 31 4 8 27 24 20 11 13 4 4 3 3 3 0 1 1 1
1409941842 339 105 126 31 4 8 27 24 20 11 13 4 4 3 3 3 0 1 1 1
1409946851 339 106 126 31 4 8 27 24 20 11 13 4 4 3 3 3 0 1 1 1
1410280831 340 106 126 31 4 8 27 24 20 11 13 4 4 3 3 3 0 1 1 1
1410291513 340 106 126 31 4 9 27 24 20 11 13 4 4 3 3 3 0 1 1 1
1410533451 340 106 126 31 4 10 27 24 20 11 13 4 4 3 3 3 0 1 1 1
1410534188 340 106 126 31 4 11 27 24 20 11 13 4 4 3 3 3 0 1 1 1
1410534240 340 106 126 31 4 12 27 24 20 11 13 4 4 3 3 3 0 1 1 1
1410733109 340 107 126 31 4 12 27 24 20 11 13 4 4 3 3 3 0 1 1 1
1410801506 340 108 126 31 4 12 27 24 20 11 13 4 4 3 3 3 0 1 1 1
1410811617 340 109 126 31 4 12 27 24 20 11 13 4 4 3 3 3 0 1 1 1
1410887712 340 110 126 31 4 12 27 24 20 11 13 4 4 3 3 3 0 1 1 1
1410897415 341 110 126 31 4 12 27 24 20 11 13 4 4 3 3 3 0 1 1 1
1410955762 341 110 126 31 4 12 27 24 20 11 13 4 4 3 3 3 0 1 1 1
1410999590 341 111 126 31 4 12 27 24 20 11 13 4 4 3 3 3 0 1 1 1
1411000052 341 112 126 31 4 12 27 24 20 11 13 4 4 3 3 3 0 1 1 1
1411003380 341 113 126 31 4 12 27 24 20 11 13 4 4 3 3 3 0 1 1 1
1411009036 341 114 126 31 4 12 27 24 20 11 13 4 4 3 3 3 0 1 1 1
1411009750 341 115 126 31 4 12 27 24 20 11 13 4 4 3 3 3 0 1 1 1
1411038147 342 115 126 31 4 12 27 24 20 11 13 4 4 3 3 3 0 1 1 1
1411038268 343 115 126 31 4 12 27 24 20 11 13 4 4 3 3 3 0 1 1 1
1411038533 344 115 126 31 4 12 27 24 20 11 13 4 4 3 3 3 0 1 1 1
1411052905 344 116 126 31 4 12 27 24 20 11 13 4 4 3 3 3 0 1 1 1
1411053334 344 117 126 31 4 12 27 24 20 11 13 4 4 3 3 3 0 1 1 1
1411054106 344 118 126 31 4 12 27 24 20 11 13 4 4 3 3 3 0 1 1 1
1411054131 344 119 126 31 4 12 27 24 20 11 13 4 4 3 3 3 0 1 1 1
1411054167 344 120 126 31 4 12 27 24 20 11 13 4 4 3 3 3 0 1 1 1
1411119219 345 120 126 31 4 12 27 24 20 11 13 4 4 3 3 3 0 1 1 1
1411119848 346 120 126 31 4 12 27 24 20 11 13 4 4 3 3 3 0 1 1 1
1411149081 346 120 126 31 4 13 27 24 20 11 13 4 4 3 3 3 0 1 1 1
1411209244 346 121 126 31 4 13 27 24 20 11 13 4 4 3 3 3 0 1 1 1
1411209262 346 122 126 31 4 13 27 24 20 11 13 4 4 3 3 3 0 1 1 1
1411210251 346 123 126 31 4 13 27 24 20 11 13 4 4 3 3 3 0 1 1 1
1411386513 346 123 126 31 4 13 27 24 20 12 13 4 4 3 3 3 0 1 1 1
1411391786 346 123 126 31 4 13 27 24 20 13 13 4 4 3 3 3 0 1 1 1
1411391987 346 123 126 31 4 13 27 24 20 14 13 4 4 3 3 3 0 1 1 1
1411501200 346 124 126 31 4 13 27 24 20 14 13 4 4 3 3 3 0 1 1 1
1411501210 346 125 126 31 4 13 27 24 20 14 13 4 4 3 3 3 0 1 1 1
1412083284 347 125 126 31 4 13 27 24 20 14 13 4 4 3 3 3 0 1 1 1
1412690111 348 125 126 31 4 13 27 24 20 14 13 4 4 3 3 3 0 1 1 1
1412785112 348 126 126 31 4 13 27 24 20 14 13 4 4 3 3 3 0 1 1 1
1412785127 348 127 126 31 4 13 27 24 20 14 13 4 4 3 3 3 0 1 1 1
1412790359 348 128 126 31 4 13 27 24 20 14 13 4 4 3 3 3 0 1 1 1
1413213819 348 129 126 31 4 13 27 24 20 14 13 4 4 3 3 3 0 1 1 1
1413227436 348 129 126 31 5 13 27 24 20 14 13 4 4 3 3 3 0 1 1 1
1413238789 349 129 126 31 5 13 27 24 20 14 13 4 4 3 3 3 0 1 1 1
1413242641 350 129 126 31 5 13 27 24 20 14 13 4 4 3 3 3 0 1 1 1
1413314758 350 130 126 31 5 13 27 24 20 14 13 4 4 3 3 3 0 1 1 1
1413316685 350 130 126 31 5 13 27 24 20 15 13 4 4 3 3 3 0 1 1 1
1413389805 351 130 126 31 5 13 27 24 20 15 13 4 4 3 3 3 0 1 1 1
1413466988 352 130 126 31 5 13 27 24 20 15 13 4 4 3 3 3 0 1 1 1
1413467316 353 130 126 31 5 13 27 24 20 15 13 4 4 3 3 3 0 1 1 1
1413468751 354 130 126 31 5 13 27 24 20 15 13 4 4 3 3 3 0 1 1 1
1413471393 355 130 126 31 5 13 27 24 20 15 13 4 4 3 3 3 0 1 1 1
1413487089 356 130 126 31 5 13 27 24 20 15 13 4 4 3 3 3 0 1 1 1
1413585335 357 130 126 31 5 13 27 24 20 15 13 4 4 3 3 3 0 1 1 1
1413755378 358 130 126 31 5 13 27 24 20 15 13 4 4 3 3 3 0 1 1 1
1413843849 359 130 126 31 5 13 27 24 20 15 13 4 4 3 3 3 0 1 1 1
1413844125 360 130 126 31 5 13 27 24 20 15 13 4 4 3 3 3 0 1 1 1
1413852601 361 130 126 31 5 13 27 24 20 15 13 4 4 3 3 3 0 1 1 1
1413976186 362 130 126 31 5 13 27 24 20 15 13 4 4 3 3 3 0 1 1 1
1413976260 363 130 126 31 5 13 27 24 20 15 13 4 4 3 3 3 0 1 1 1
1414067637 364 130 126 31 5 13 27 24 20 15 13 4 4 3 3 3 0 1 1 1
1414075270 364 131 126 31 5 13 27 24 20 15 13 4 4 3 3 3 0 1 1 1
1414075428 364 132 126 31 5 13 27 24 20 15 13 4 4 3 3 3 0 1 1 1
1414102914 365 132 126 31 5 13 27 24 20 15 13 4 4 3 3 3 0 1 1 1
1414959970 366 132 126 31 5 13 27 24 20 15 13 4 4 3 3 3 0 1 1 1
1415026651 366 132 126 31 5 14 27 24 20 15 13 4 4 3 3 3 0 1 1 1
1415028975 366 132 126 31 5 15 27 24 20 15 13 4 4 3 3 3 0 1 1 1
1415050832 366 133 126 31 5 15 27 24 20 15 13 4 4 3 3 3 0 1 1 1
1415779718 367 133 126 31 5 15 27 24 20 15 13 4 4 3 3 3 0 1 1 1
1416507058 368 133 126 31 5 15 27 24 20 15 13 4 4 3 3 3 0 1 1 1
1416729444 369 133 126 31 5 15 27 24 20 15 13 4 4 3 3 3 0 1 1 1
1416729475 370 133 126 31 5 15 27 24 20 15 13 4 4 3 3 3 0 1 1 1
1421163999 371 133 126 31 5 15 27 24 20 15 13 4 4 3 3 3 0 1 1 1
1421167641 372 133 126 31 5 15 27 24 20 15 13 4 4 3 3 3 0 1 1 1
1421169431 373 133 126 31 5 15 27 24 20 15 13 4 4 3 3 3 0 1 1 1
1421263110 374 133 126 31 5 15 27 24 20 15 13 4 4 3 3 3 0 1 1 1
1421293428 375 133 126 31 5 15 27 24 20 15 13 4 4 3 3 3 0 1 1 1
1421293573 376 133 126 31 5 15 27 24 20 15 13 4 4 3 3 3 0 1 1 1
1421293856 376 133 126 31 6 15 27 24 20 15 13 4 4 3 3 3 0 1 1 1
1421858110 377 133 126 31 6 15 27 24 20 15 13 4 4 3 3 3 0 1 1 1
1421858732 378 133 126 31 6 15 27 24 20 15 13 5 4 3 3 3 0 1 1 1
1422282058 379 133 126 31 6 15 27 24 20 15 13 5 4 3 3 3 0 1 1 1
1422282206 380 133 126 31 6 15 27 24 20 15 13 5 4 3 3 3 0 1 1 1
1422282934 381 133 126 31 6 15 27 24 20 15 13 5 4 3 3 3 0 1 1 1
1422283469 381 133 126 31 6 15 27 24 20 16 13 5 4 3 3 3 0 1 1 1
1422307198 382 133 126 31 6 15 27 24 20 16 13 5 4 3 3 3 0 1 1 1
1422307581 383 133 126 31 6 15 27 24 20 16 13 5 4 3 3 3 0 1 1 1
1422309970 384 133 126 31 6 15 27 24 20 16 13 5 4 3 3 3 0 1 1 1
1422382549 386 133 126 31 6 15 27 24 20 16 13 5 4 3 3 3 0 1 1 1
1422394759 386 133 126 31 7 15 27 24 20 16 13 5 4 3 3 3 0 1 1 1
1422396034 386 133 126 31 8 15 27 24 20 16 13 5 4 3 3 3 0 1 1 1
1422397751 387 133 126 31 8 15 27 24 20 16 13 5 4 3 3 3 0 1 1 1
1422464941 387 133 126 31 8 15 27 24 20 16 13 6 4 3 3 3 0 1 1 1
1422471802 387 133 126 31 9 15 27 24 20 16 13 6 4 3 3 3 0 1 1 1
1422473252 388 133 126 31 9 15 27 24 20 16 13 6 4 3 3 3 0 1 1 1
1422891516 389 133 126 31 9 15 27 24 20 16 13 6 4 3 3 3 0 1 1 1
1422897253 390 133 126 31 9 15 27 24 20 16 13 6 4 3 3 3 0 1 1 1
1423063827 390 133 126 31 9 16 27 24 20 16 13 6 4 3 3 3 0 1 1 1
1423064777 390 133 126 31 10 16 27 24 20 16 13 6 4 3 3 3 0 1 1 1
1423064915 390 133 126 31 11 16 27 24 20 16 13 6 4 3 3 3 0 1 1 1
1423142927 391 133 126 31 11 16 27 24 20 16 13 6 4 3 3 3 0 1 1 1
1423734462 391 133 126 31 12 16 27 24 20 16 13 6 4 3 3 3 0 1 1 1
1423734589 391 133 126 31 13 16 27 24 20 16 13 6 4 3 3 3 0 1 1 1
1423743953 391 133 126 31 14 16 27 24 20 16 13 6 4 3 3 3 0 1 1 1
1423745402 391 133 126 31 15 16 27 24 20 16 13 6 4 3 3 3 0 1 1 1
1423747124 391 133 126 31 16 16 27 24 20 16 13 6 4 3 3 3 0 1 1 1
1423752930 391 133 126 31 17 16 27 24 20 16 13 6 4 3 3 3 0 1 1 1
1423756519 391 133 126 31 18 16 27 24 20 16 13 6 4 3 3 3 0 1 1 1
1423842168 391 133 126 31 19 16 27 24 20 16 13 6 4 3 3 3 0 1 1 1
1423842199 391 133 126 31 20 16 27 24 20 16 13 6 4 3 3 3 0 1 1 1
1424705145 391 134 126 31 20 16 27 24 20 16 13 6 4 3 3 3 0 1 1 1
1425573912 391 134 126 31 20 16 27 24 20 16 13 6 4 3 3 3 1 1 1 1
1425574118 391 134 126 31 20 16 27 24 20 16 13 6 4 3 3 3 2 1 1 1
1425576448 391 134 126 31 21 16 27 24 20 16 13 6 4 3 3 3 2 1 1 1
1425576514 391 134 126 31 22 16 27 24 20 16 13 6 4 3 3 3 2 1 1 1
1425576583 391 134 126 31 23 16 27 24 20 16 13 6 4 3 3 3 2 1 1 1
1425577968 391 134 126 31 24 16 27 24 20 16 13 6 4 3 3 3 2 1 1 1
1425588281 391 135 126 31 24 16 27 24 20 16 13 6 4 3 3 3 2 1 1 1
1425588297 391 136 126 31 24 16 27 24 20 16 13 6 4 3 3 3 2 1 1 1
1425991275 391 136 126 31 25 16 27 24 20 16 13 6 4 3 3 3 2 1 1 1
1425997042 391 136 126 31 26 16 27 24 20 16 13 6 4 3 3 3 2 1 1 1
1426619505 391 136 126 31 26 17 27 24 20 16 13 6 4 3 3 3 2 1 1 1
1426619711 391 136 126 31 26 18 27 24 20 16 13 6 4 3 3 3 2 1 1 1
1426795949 391 136 126 31 27 18 27 24 20 16 13 6 4 3 3 3 2 1 1 1
1426799764 391 136 126 31 28 18 27 24 20 16 13 6 4 3 3 3 2 1 1 1
1426874862 391 136 126 31 28 19 27 24 20 16 13 6 4 3 3 3 2 1 1 1
1426875136 391 136 126 31 28 20 27 24 20 16 13 6 4 3 3 3 2 1 1 1
1426875151 391 136 126 31 28 21 27 24 20 16 13 6 4 3 3 3 2 1 1 1
1426875562 391 136 126 31 28 22 27 24 20 16 13 6 4 3 3 3 2 1 1 1
1427096333 391 136 126 31 29 22 27 24 20 16 13 6 4 3 3 3 2 1 1 1
1427096403 391 136 126 31 30 22 27 24 20 16 13 6 4 3 3 3 2 1 1 1
1427127853 391 136 126 31 30 23 27 24 20 16 13 6 4 3 3 3 2 1 1 1
1427214109 391 136 126 31 31 23 27 24 20 16 13 6 4 3 3 3 2 1 1 1
1427727284 392 136 126 31 31 23 27 24 20 16 13 6 4 3 3 3 2 1 1 1
1427910513 392 137 126 31 31 23 27 24 20 16 13 6 4 3 3 3 2 1 1 1
1427910528 392 138 126 31 31 23 27 24 20 16 13 6 4 3 3 3 2 1 1 1
1427915313 392 139 126 31 31 23 27 24 20 16 13 6 4 3 3 3 2 1 1 1
1428003704 392 139 126 31 31 24 27 24 20 16 13 6 4 3 3 3 2 1 1 1
1428003781 392 139 126 31 31 25 27 24 20 16 13 6 4 3 3 3 2 1 1 1
1429197927 392 140 126 31 31 25 27 24 20 16 13 6 4 3 3 3 2 1 1 1
1429204465 392 140 126 31 31 26 27 24 20 16 13 6 4 3 3 3 2 1 1 1
1430421464 392 141 126 31 31 26 27 24 20 16 13 6 4 3 3 3 2 1 1 1
1430859841 392 141 126 31 31 27 27 24 20 16 13 6 4 3 3 3 2 1 1 1
1430860930 392 141 126 31 31 28 27 24 20 16 13 6 4 3 3 3 2 1 1 1
