1369550719 0 0 0 32041 0 0 0 0 0 0 0 0 0 0 0 0 0 0 0 0
1369586217 0 0 0 32048 0 0 0 0 0 0 0 0 0 0 0 0 0 0 0 0
1369633396 0 0 0 32058 0 0 0 0 0 0 0 0 0 0 0 0 0 0 0 0
1369714720 0 0 0 71971 0 0 0 0 0 0 0 0 0 0 0 0 0 0 0 0
1369718096 0 0 0 73248 0 0 0 0 0 0 0 0 0 0 0 0 0 0 0 0
1369760131 0 0 0 74145 0 0 0 0 0 0 0 0 0 0 0 0 0 0 0 0
1369760318 0 0 0 74149 0 0 0 0 0 0 0 0 0 0 0 0 0 0 0 0
1369795129 0 0 0 74151 0 0 0 0 0 0 0 0 0 0 0 0 0 0 0 0
1369799411 0 0 0 74152 0 0 0 0 0 0 0 0 0 0 0 0 0 0 0 0
1369799982 0 0 0 74375 0 0 0 0 0 0 0 0 0 0 0 0 0 0 0 0
1369800163 0 0 0 74383 0 0 0 0 0 0 0 0 0 0 0 0 0 0 0 0
1369800272 0 0 0 74385 0 0 0 0 0 0 0 0 0 0 0 0 0 0 0 0
1369800509 0 0 0 74387 0 0 0 0 0 0 0 0 0 0 0 0 0 0 0 0
1369800639 0 0 0 74391 0 0 0 0 0 0 0 0 0 0 0 0 0 0 0 0
1369800766 0 0 0 74400 0 0 0 0 0 0 0 0 0 0 0 0 0 0 0 0
1369805905 0 0 0 74407 0 0 0 0 0 0 0 0 0 0 0 0 0 0 0 0
1369807333 0 0 0 74408 0 0 0 0 0 0 0 0 0 0 0 0 0 0 0 0
1369808880 0 0 0 74409 0 0 0 0 0 0 0 0 0 0 0 0 0 0 0 0
1369821600 0 0 0 100720 0 0 0 0 0 0 0 0 0 0 0 0 0 0 0 0
1369821720 0 0 0 100720 0 0 0 0 0 0 0 0 0 0 0 0 0 0 0 0
1369822139 0 0 0 100721 0 0 0 0 0 0 0 0 0 0 0 0 0 0 0 0
1369822193 0 0 0 100723 0 0 0 0 0 0 0 0 0 0 0 0 0 0 0 0
1369822821 0 0 0 100723 0 0 0 0 0 0 0 0 0 0 0 0 0 0 0 0
1371062540 0 0 0 100809 0 0 0 0 0 0 0 0 0 0 0 0 0 0 0 0
1371062716 0 0 0 100827 0 0 0 0 0 0 0 0 0 0 0 0 0 0 0 0
1371062972 0 0 0 100835 0 0 0 0 0 0 0 0 0 0 0 0 0 0 0 0
1371063888 0 0 0 100843 0 0 0 0 0 0 0 0 0 0 0 0 0 0 0 0
1372359743 0 0 0 100864 0 0 0 0 0 0 0 0 0 0 0 0 0 0 0 0
1372360271 0 0 0 100867 0 0 0 0 0 0 0 0 0 0 0 0 0 0 0 0
1375076825 0 0 0 100867 0 0 0 0 94 0 0 0 0 0 0 0 0 0 0 0
1375303047 0 0 0 100867 0 0 0 0 94 0 0 0 0 0 0 0 0 0 0 0
1375306637 0 0 0 100867 0 0 0 0 109 0 0 0 0 0 0 0 0 0 0 0
1375390251 0 0 0 100867 0 0 0 0 109 0 0 0 0 0 0 0 0 0 0 0
1375914255 0 0 0 150072 0 0 0 0 109 0 0 0 0 0 0 0 0 0 0 0
1375918452 0 0 0 150073 0 0 0 0 109 0 0 0 0 0 0 0 0 0 0 0
1377041809 0 0 0 150073 0 0 0 0 6767 0 0 0 0 0 0 0 0 0 0 0
1377045396 0 0 0 150073 0 0 0 0 14023 0 0 0 0 0 0 0 0 0 0 0
1377125456 0 0 0 150073 0 0 0 0 14050 0 0 0 0 0 0 0 0 0 0 0
1377125953 0 0 0 150073 0 0 0 0 14077 0 0 0 0 0 0 0 0 0 0 0
1377205725 0 0 0 150073 0 0 0 0 14085 0 0 0 0 0 0 0 0 0 0 0
1377557596 0 0 0 150073 0 0 0 0 14085 0 0 0 0 0 0 0 0 0 0 0
1379265533 0 0 0 150073 0 0 0 0 14085 0 0 0 0 0 0 24 0 0 0 0
1379266770 0 0 0 150073 0 0 0 0 14085 0 0 0 0 0 0 28 0 0 0 0
1380910085 0 0 0 150073 0 0 0 0 20303 0 0 0 0 0 0 28 0 0 0 0
1381356655 0 0 4 150073 0 0 0 0 20303 0 0 0 0 0 0 28 0 0 0 0
1381516334 0 0 48 150073 0 0 0 0 20303 0 0 0 0 0 0 28 0 0 0 0
1381868108 0 0 48 150073 0 0 0 0 20458 0 0 0 0 0 0 28 0 0 0 0
1381877369 0 0 48 150073 0 0 0 0 20458 0 0 0 150 0 0 28 0 0 0 0
1382119511 0 0 48 150073 0 0 410279 0 20458 0 0 0 150 0 0 28 0 0 0 0
1382121002 0 0 48 150073 0 0 410304 0 20458 0 0 0 150 0 0 28 0 0 0 0
1382121496 0 0 48 150073 0 0 410304 0 20458 0 0 0 150 0 0 28 0 0 0 0
1382140224 0 0 48 150073 0 0 410304 0 20458 0 0 0 152 0 0 28 0 0 0 0
1382140357 0 0 48 150073 0 0 410304 0 20458 0 0 0 1226 0 0 28 0 0 0 0
1382140412 0 0 197 150073 0 0 410304 0 20458 0 0 0 1226 0 0 28 0 0 0 0
1382141970 0 0 197 150073 0 0 410304 0 20458 0 0 0 1226 0 0 28 0 0 0 0
1382142006 0 0 198 150073 0 0 410304 0 20458 0 0 0 1226 0 0 28 0 0 0 0
1382379728 0 0 198 150073 0 0 410304 0 20458 0 0 0 1232 0 0 28 0 0 0 0
1382452884 0 0 198 150073 0 0 410304 0 20458 0 0 0 1232 0 0 35 0 0 0 0
1382463446 0 0 201 150073 0 0 410304 0 20458 0 0 0 1232 0 0 35 0 0 0 0
1382463456 0 0 201 150073 0 0 410304 0 20458 0 0 0 1232 0 0 35 0 0 0 0
1382478380 0 0 201 150073 0 0 410304 0 20458 0 0 0 1232 0 0 35 0 0 0 0
1382478645 0 0 201 150073 0 0 410304 0 20464 0 0 0 1232 0 0 35 0 0 0 0
1382479394 0 0 201 150073 0 0 410304 0 20467 0 0 0 1232 0 0 35 0 0 0 0
1382479727 0 0 201 150073 0 0 410304 0 20467 0 0 0 1232 0 0 35 0 0 0 0
1382594871 0 0 201 150073 0 0 410304 0 20470 0 0 0 1232 0 0 35 0 0 0 0
1382594945 0 0 201 150073 0 0 410304 0 20470 0 0 0 1232 0 0 35 0 0 0 0
1382982182 0 0 205 150073 0 0 410304 0 20470 0 0 0 1232 0 0 35 0 0 0 0
1382994121 0 0 242 150073 0 0 410304 0 20470 0 0 0 1232 0 0 35 0 0 0 0
1382996388 0 0 242 150073 0 0 410304 0 20470 0 0 0 1232 0 0 35 0 0 0 0
1383603047 0 0 10588 150073 0 0 410304 0 20470 0 0 0 1232 0 0 35 0 0 0 0
1383669270 0 0 10589 150073 0 0 410304 0 20470 0 0 0 1232 0 0 35 0 0 0 0
1383690611 0 0 10589 150073 0 0 410345 0 20470 0 0 0 1232 0 0 35 0 0 0 0
1383690819 0 0 10589 150073 0 0 410348 0 20470 0 0 0 1232 0 0 35 0 0 0 0
1383691908 0 0 10650 150073 0 0 410348 0 20470 0 0 0 1232 0 0 35 0 0 0 0
1383694466 0 0 10651 150073 0 0 410348 0 20470 0 0 0 1232 0 0 35 0 0 0 0
1383694496 0 0 10651 150073 0 0 410348 0 20470 0 0 0 1232 0 0 35 0 0 0 0
1383780747 0 0 10687 150073 0 0 410348 0 20470 0 0 0 1232 0 0 35 0 0 0 0
1383868125 0 0 10688 150073 0 0 410348 0 20470 0 0 0 1232 0 0 35 0 0 0 0
1384295924 0 0 10688 150073 0 0 410357 0 20470 0 0 0 1232 0 0 35 0 0 0 0
1384442519 0 4927 10688 150073 0 0 410357 0 20470 0 0 0 1232 0 0 35 0 0 0 0
1384453962 0 4927 10688 150073 0 0 410411 0 20470 0 0 0 1232 0 0 35 0 0 0 0
1384458656 0 4927 10720 150073 0 0 410411 0 20470 0 0 0 1232 0 0 35 0 0 0 0
1384543691 0 4988 10720 150073 0 0 410411 0 20470 0 0 0 1232 0 0 35 0 0 0 0
1384559778 0 4988 10735 150073 0 0 410411 0 20470 0 0 0 1232 0 0 35 0 0 0 0
1384722253 0 4988 20949 150073 0 0 410411 0 20470 0 0 0 1232 0 0 35 0 0 0 0
1384722858 0 4988 20950 150073 0 0 410411 0 20470 0 0 0 1232 0 0 35 0 0 0 0
1384722868 0 4988 20950 150073 0 0 410411 0 20470 0 0 0 1232 0 0 35 0 0 0 0
1384877327 0 5271 20950 150073 0 0 410411 0 20470 0 0 0 1232 0 0 35 0 0 0 0
1384894575 0 5272 20950 150073 0 0 410411 0 20470 0 0 0 1232 0 0 35 0 0 0 0
1385064297 0 5272 20954 150073 0 0 410411 0 20470 0 0 0 1232 0 0 35 0 0 0 0
1385082376 0 5272 20954 150073 0 0 410417 0 20470 0 0 0 1232 0 0 35 0 0 0 0
1385083080 0 5272 31277 150073 0 0 410417 0 20470 0 0 0 1232 0 0 35 0 0 0 0
1385146859 0 5272 31277 150073 0 0 410417 0 20470 0 0 0 1232 0 0 35 0 0 0 0
1385149157 0 5272 31277 150073 0 0 410417 0 20470 0 0 0 1232 1 0 35 0 0 0 0
1385159469 0 5272 31454 150073 0 0 410417 0 20470 0 0 0 1232 1 0 35 0 0 0 0
1385404765 0 5272 31455 150073 0 0 410417 0 20470 0 0 0 1232 1 0 35 0 0 0 0
1385406736 0 5272 31456 150073 0 0 410417 0 20470 0 0 0 1232 1 0 35 0 0 0 0
1385406878 0 5272 31457 150073 0 0 410417 0 20470 0 0 0 1232 1 0 35 0 0 0 0
1386175440 0 512089 31457 150073 0 0 410417 0 20470 0 0 0 1232 1 0 35 0 0 0 0
1386203317 0 512089 31458 150073 0 0 410417 0 20470 0 0 0 1232 1 0 35 0 0 0 0
1386206197 0 512089 32610 150073 0 0 410417 0 20470 0 0 0 1232 1 0 35 0 0 0 0
1386283395 0 512089 32610 150073 0 0 410443 0 20470 0 0 0 1232 1 0 35 0 0 0 0
1386621474 0 512089 32748 150073 0 0 410443 0 20470 0 0 0 1232 1 0 35 0 0 0 0
1386704218 0 512089 32748 150073 0 0 410486 0 20470 0 0 0 1232 1 0 35 0 0 0 0
1386704342 0 512089 32748 150073 0 0 410487 0 20470 0 0 0 1232 1 0 35 0 0 0 0
1386704410 0 512089 32748 150073 0 0 410488 0 20470 0 0 0 1232 1 0 35 0 0 0 0
1386704668 0 512089 32748 150073 0 0 410488 0 20470 0 0 0 1232 1 0 35 0 0 0 0
1386788965 0 512089 32750 150073 0 0 410488 0 20470 0 0 0 1232 1 0 35 0 0 0 0
1386885577 0 512089 33226 150073 0 0 410488 0 20470 0 0 0 1232 1 0 35 0 0 0 0
1386886142 0 512089 33226 150073 0 0 410488 0 20470 0 0 0 1232 1 0 35 0 0 0 0
1386886166 0 512089 33226 150073 0 0 410488 0 20470 0 0 0 1232 1 0 35 0 0 0 0
1386891499 0 512089 33402 150073 0 0 410488 0 20470 0 0 0 1232 1 0 35 0 0 0 0
1386892576 0 512089 33402 150073 0 0 410488 0 20470 0 0 0 1232 1 0 35 0 0 0 0
1386975894 0 515428 33402 150073 0 0 410488 0 20470 0 0 0 1232 1 0 35 0 0 0 0
1386976962 0 515429 33402 150073 0 0 410488 0 20470 0 0 0 1232 1 0 35 0 0 0 0
1386977014 0 515429 33402 150073 0 0 410488 0 20470 0 0 0 1232 1 0 35 0 0 0 0
1386977828 0 515429 33402 150073 0 0 410488 0 20470 0 0 0 1232 1 0 35 0 0 0 0
1386993154 0 516084 33402 150073 0 0 410488 0 20470 0 0 0 1232 1 0 35 0 0 0 0
1387004985 0 516084 33402 150073 0 0 410488 0 20470 0 0 0 1232 1 0 35 0 0 0 0
1387129650 0 516144 33402 150073 0 0 410488 0 20470 0 0 0 1232 1 0 35 0 0 0 0
1387129907 0 516149 33402 150073 0 0 410488 0 20470 0 0 0 1232 1 0 35 0 0 0 0
1387129977 0 516150 33402 150073 0 0 410488 0 20470 0 0 0 1232 1 0 35 0 0 0 0
1387130073 0 516151 33402 150073 0 0 410488 0 20470 0 0 0 1232 1 0 35 0 0 0 0
1387130353 0 516151 33402 150073 0 0 410488 0 20470 0 0 0 1232 1 0 35 0 0 0 0
1387130800 0 516151 33524 150073 0 0 410488 0 20470 0 0 0 1232 1 0 35 0 0 0 0
1387225803 0 516194 33524 150073 0 0 410488 0 20470 0 0 0 1232 1 0 35 0 0 0 0
1387307900 0 516194 33524 150073 0 0 410488 0 20470 0 0 0 1232 1 0 35 0 0 0 0
1387312413 0 516194 33541 150073 0 0 410488 0 20470 0 0 0 1232 1 0 35 0 0 0 0
1387312985 0 516194 33557 150073 0 0 410488 0 20470 0 0 0 1232 1 0 35 0 0 0 0
1387322084 0 516194 33557 150073 0 0 410488 0 20471 0 0 0 1232 1 0 35 0 0 0 0
1387322262 0 516194 33557 150073 0 0 410488 0 20495 0 0 0 1232 1 0 35 0 0 0 0
1387322783 0 516194 33557 150073 0 0 410488 0 20495 0 0 0 1232 1 0 35 0 0 0 0
1387325656 0 516194 33562 150073 0 0 410488 0 20495 0 0 0 1232 1 0 35 0 0 0 0
1387475237 0 516194 33648 150073 0 0 410488 0 20495 0 0 0 1232 1 0 35 0 0 0 0
1387485639 0 516194 33648 150073 0 0 410488 0 20495 0 0 0 1232 2 0 35 0 0 0 0
1387485803 0 516194 33648 150073 0 0 410488 0 20495 0 0 0 1232 3 0 35 0 0 0 0
1387491387 0 517093 33648 150073 0 0 410488 0 20495 0 0 0 1232 3 0 35 0 0 0 0
1387564893 0 517192 33648 150073 0 0 410488 0 20495 0 0 0 1232 3 0 35 0 0 0 0
1387565807 0 517192 33648 150073 0 0 410488 0 20495 0 0 0 1232 3 0 35 0 0 0 0
1387565859 0 517194 33648 150073 0 0 410488 0 20495 0 0 0 1232 3 0 35 0 0 0 0
1387568639 0 517194 33651 150073 0 0 410488 0 20495 0 0 0 1232 3 0 35 0 0 0 0
1387568850 0 517194 33651 150073 0 0 410488 0 20495 0 0 0 1232 3 0 35 0 0 0 0
1387568887 0 517194 33651 150073 0 0 410488 0 20495 0 0 0 1232 3 0 35 0 0 0 0
1387583826 0 517194 33651 150073 0 0 410488 0 20495 0 0 0 1232 3 0 35 0 0 0 0
1388689391 0 517194 33651 150073 0 0 410491 0 20495 0 0 0 1232 3 0 35 0 0 0 0
1388689455 0 517194 33651 150073 0 0 410491 0 20495 0 0 0 1232 3 0 35 0 0 0 0
1388691741 0 517194 33651 150073 0 0 410491 0 20495 0 0 0 1232 3 0 35 0 0 0 0
1388691791 0 517194 33651 150073 0 0 413033 0 20495 0 0 0 1232 3 0 35 0 0 0 0
1389032464 0 517194 33651 150073 0 0 413035 0 20495 0 0 0 1232 3 0 35 0 0 0 0
1389034065 0 517194 33652 150073 0 0 413035 0 20495 0 0 0 1232 3 0 35 0 0 0 0
1389107091 0 517421 33652 150073 0 0 413035 0 20495 0 0 0 1232 3 0 35 0 0 0 0
1389107372 0 517421 33652 150073 0 0 413035 0 20495 0 0 0 1232 3 0 35 0 0 0 0
1389221347 0 517421 33652 150073 0 0 413195 0 20495 0 0 0 1232 3 0 35 0 0 0 0
1389292978 0 517421 33652 150073 0 0 413195 0 20510 0 0 0 1232 3 0 35 0 0 0 0
1389297240 0 517421 33652 150073 0 0 413195 0 20512 0 0 0 1232 3 0 35 0 0 0 0
1389299330 0 517421 33652 150073 0 0 413195 0 20512 0 0 0 1232 3 0 35 0 0 0 0
1389299578 0 517651 33652 150073 0 0 413195 0 20512 0 0 0 1232 3 0 35 0 0 0 0
1389301905 0 517651 33652 150073 0 0 413196 0 20512 0 0 0 1232 3 0 35 0 0 0 0
1389306430 0 517651 33652 150073 0 0 413196 0 20512 0 0 0 1232 3 0 35 0 0 0 0
1389306462 0 517673 33652 150073 0 0 413196 0 20512 0 0 0 1232 3 0 35 0 0 0 0
1389306500 0 517673 33652 150073 0 0 413196 0 20512 0 0 0 1232 3 0 35 0 0 0 0
1389370755 0 517686 33652 150073 0 0 413196 0 20512 0 0 0 1232 3 0 35 0 0 0 0
1389370807 0 517686 33652 150073 0 0 413196 0 20512 0 0 0 1232 3 0 35 0 0 0 0
1389380773 0 517686 33815 150073 0 0 413196 0 20512 0 0 0 1232 3 0 35 0 0 0 0
1389392757 0 517686 33821 150073 0 0 413196 0 20512 0 0 0 1232 3 0 35 0 0 0 0
1389822179 0 517686 33821 150073 0 0 414938 0 20512 0 0 0 1232 3 0 35 0 0 0 0
1389824361 0 517686 33821 150073 0 0 414948 0 20512 0 0 0 1232 3 0 35 0 0 0 0
1389825394 0 517686 33821 150073 0 0 414965 0 20512 0 0 0 1232 3 0 35 0 0 0 0
1389826740 0 517686 33821 150073 0 0 414965 0 20512 0 0 0 1232 3 0 35 0 0 0 0
1390391078 0 517686 33821 150073 0 0 414965 0 20512 0 0 0 1232 3 0 35 0 0 113 0
1390435112 0 517686 33821 150073 0 0 414965 0 20512 0 0 0 1232 3 0 35 0 0 113 0
1390437235 0 517686 36431 150073 0 0 414965 0 20512 0 0 0 1232 3 0 35 0 0 113 0
1390470172 13 517686 36431 150073 0 0 414965 0 20512 0 0 0 1232 3 0 35 0 0 113 0
1390472308 97 517686 36431 150073 0 0 414965 0 20512 0 0 0 1232 3 0 35 0 0 113 0
1390474152 111 517686 36431 150073 0 0 414965 0 20512 0 0 0 1232 3 0 35 0 0 113 0
1390519613 117 517686 36431 150073 0 0 414965 0 20512 0 0 0 1232 3 0 35 0 0 113 0
1390558935 178 517686 36431 150073 0 0 414965 0 20512 0 0 0 1232 3 0 35 0 0 113 0
1390560995 203 517686 36431 150073 0 0 414965 0 20512 0 0 0 1232 3 0 35 0 0 113 0
1390847508 203 517686 36448 150073 0 0 414965 0 20512 0 0 0 1232 3 0 35 0 0 113 0
1390856368 203 518068 36448 150073 0 0 414965 0 20512 0 0 0 1232 3 0 35 0 0 113 0
1390857901 203 518068 36448 150073 0 0 414965 0 20512 0 0 0 1232 3 0 35 0 0 113 0
1390864786 203 518068 36448 150073 0 0 414965 0 20512 0 0 0 1232 3 0 35 0 0 113 0
1390928730 203 518068 36449 150073 0 0 414965 0 20512 0 0 0 1232 3 0 35 0 0 113 0
1391214461 203 520220 36449 150073 0 0 414965 0 20512 0 0 0 1232 3 0 35 0 0 113 0
1391214547 203 520220 36449 150073 0 0 414965 0 20512 0 0 0 1232 3 0 35 0 0 113 0
1391288905 203 520797 36449 150073 0 0 414965 0 20512 0 0 0 1232 3 0 35 0 0 113 0
1391442603 782 520797 36449 150073 0 0 414965 0 20512 0 0 0 1232 3 0 35 0 0 113 0
1391442920 782 520797 36449 150073 0 0 414965 0 20512 0 0 0 1232 3 0 35 0 0 113 0
1391465520 866 520797 36449 150073 0 0 414965 0 20512 0 0 0 1232 3 0 35 0 0 113 0
1391532348 866 520812 36449 150073 0 0 414965 0 20512 0 0 0 1232 3 0 35 0 0 113 0
1391533108 866 520820 36449 150073 0 0 414965 0 20512 0 0 0 1232 3 0 35 0 0 113 0
1391585792 915 520820 36449 150073 0 0 414965 0 20512 0 0 0 1232 3 0 35 0 0 113 0
1391586298 924 520820 36449 150073 0 0 414965 0 20512 0 0 0 1232 3 0 35 0 0 113 0
1391586748 929 520820 36449 150073 0 0 414965 0 20512 0 0 0 1232 3 0 35 0 0 113 0
1391590570 1004 520820 36449 150073 0 0 414965 0 20512 0 0 0 1232 3 0 35 0 0 113 0
1391594131 1057 520820 36449 150073 0 0 414965 0 20512 0 0 0 1232 3 0 35 0 0 113 0
1391722709 1057 520820 101628 150073 0 0 414965 0 20512 0 0 0 1232 3 0 35 0 0 113 0
1391819960 1057 520837 101628 150073 0 0 414965 0 20512 0 0 0 1232 3 0 35 0 0 113 0
1391820002 1057 520837 101628 150073 0 0 414965 0 20512 0 0 0 1232 3 0 35 0 0 113 0
1391820375 1057 520838 101628 150073 0 0 414965 0 20512 0 0 0 1232 3 0 35 0 0 113 0
1391820414 1057 520838 101628 150073 0 0 414965 0 20517 0 0 0 1232 3 0 35 0 0 113 0
1391967307 1057 520838 101628 150073 0 0 414965 0 20517 0 0 0 1232 3 0 35 0 0 113 0
1392026728 23949 520838 101628 150073 0 0 414965 0 20517 0 0 0 1232 3 0 35 0 0 113 0
1392048987 23972 520838 101628 150073 0 0 414965 0 20517 0 0 0 1232 3 0 35 0 0 113 0
1392049654 23972 520838 101628 150073 0 0 414965 0 20517 0 0 0 1232 3 0 35 0 0 113 0
1392119737 24664 520838 101628 150073 0 0 414965 0 20517 0 0 0 1232 3 0 35 0 0 113 0
1392122730 24678 520838 101628 150073 0 0 414965 0 20517 0 0 0 1232 3 0 35 0 0 113 0
1392161593 24678 520838 102068 150073 0 0 414965 0 20517 0 0 0 1232 3 0 35 0 0 113 0
1392242021 24678 520838 102068 150073 0 0 414965 0 20517 0 0 0 1232 3 0 35 0 0 113 0
1392283735 25283 520838 102068 150073 0 0 414965 0 20517 0 0 0 1232 3 0 35 0 0 113 0
1392284442 25297 520838 102068 150073 0 0 414965 0 20517 0 0 0 1232 3 0 35 0 0 113 0
1392287445 25378 520838 102068 150073 0 0 414965 0 20517 0 0 0 1232 3 0 35 0 0 113 0
1392288900 25461 520838 102068 150073 0 0 414965 0 20517 0 0 0 1232 3 0 35 0 0 113 0
1392293862 25565 520838 102068 150073 0 0 414965 0 20517 0 0 0 1232 3 0 35 0 0 113 0
1392296206 25662 520838 102068 150073 0 0 414965 0 20517 0 0 0 1232 3 0 35 0 0 113 0
1392317431 26102 520838 102068 150073 0 0 414965 0 20517 0 0 0 1232 3 0 35 0 0 113 0
1392319999 26102 520854 102068 150073 0 0 414965 0 20517 0 0 0 1232 3 0 35 0 0 113 0
1392320013 26102 520854 102068 150073 0 0 414965 0 20517 0 0 0 1232 3 0 35 0 0 113 0
1392320044 26140 520854 102068 150073 0 0 414965 0 20517 0 0 0 1232 3 0 35 0 0 113 0
1392324771 26191 520854 102068 150073 0 0 414965 0 20517 0 0 0 1232 3 0 35 0 0 113 0
1392325162 26191 520854 102068 150073 0 0 414965 0 20517 0 0 0 1232 3 0 35 0 0 113 0
1392325209 26191 520854 102068 150073 0 0 414965 0 20517 0 0 0 1232 3 0 35 0 0 113 0
1392325276 26191 520854 102068 150073 0 0 414965 0 20517 0 0 0 1232 3 0 35 0 0 113 0
1392325300 26191 520854 102068 150073 0 0 414965 0 20517 0 0 0 1232 3 0 35 0 0 113 0
1392376288 26241 520854 102068 150073 0 0 414965 0 20517 0 0 0 1232 3 0 35 0 0 113 0
1393068920 26241 521299 102068 150073 0 0 414965 0 20517 0 0 0 1232 3 0 35 0 0 113 0
1393264272 26241 521304 102068 150073 0 0 414965 0 20517 0 0 0 1232 3 0 35 0 0 113 0
1393266712 27836 521304 102068 150073 0 0 414965 0 20517 0 0 0 1232 3 0 35 0 0 113 0
1393269589 27853 521304 102068 150073 0 0 414965 0 20517 0 0 0 1232 3 0 35 0 0 113 0
1393275469 27853 521304 102068 150073 0 0 414965 0 20517 0 0 0 1232 3 0 35 0 1727 113 0
1393341372 28036 521304 102068 150073 0 0 414965 0 20517 0 0 0 1232 3 0 35 0 1727 113 0
1393345394 28115 521304 102068 150073 0 0 414965 0 20517 0 0 0 1232 3 0 35 0 1727 113 0
1393349342 28116 521304 102068 150073 0 0 414965 0 20517 0 0 0 1232 3 0 35 0 1727 113 0
1393360921 28116 521304 102068 150073 0 0 414965 0 20517 0 0 0 1232 3 0 35 0 1727 113 0
1393366194 28116 521304 102081 150073 0 0 414965 0 20517 0 0 0 1232 3 0 35 0 1727 113 0
1393366737 28116 521304 102082 150073 0 0 414965 0 20517 0 0 0 1232 3 0 35 0 1727 113 0
1393403054 28132 521304 102082 150073 0 0 414965 0 20517 0 0 0 1232 3 0 35 0 1727 113 0
1393410874 28410 521304 102082 150073 0 0 414965 0 20517 0 0 0 1232 3 0 35 0 1727 113 0
1393414037 28436 521304 102082 150073 0 0 414965 0 20517 0 0 0 1232 3 0 35 0 1727 113 0
1393415668 28515 521304 102082 150073 0 0 414965 0 20517 0 0 0 1232 3 0 35 0 1727 113 0
1393424736 28554 521304 102082 150073 0 0 414965 0 20517 0 0 0 1232 3 0 35 0 1727 113 0
1393432522 28569 521304 102082 150073 0 0 414965 0 20517 0 0 0 1232 3 0 35 0 1727 113 0
1393440271 28569 521308 102082 150073 0 0 414965 0 20517 0 0 0 1232 3 0 35 0 1727 113 0
1393440277 28569 521308 102082 150073 0 0 414965 0 20517 0 0 0 1232 3 0 35 0 1727 113 0
1393444989 28569 521310 102082 150073 0 0 414965 0 20517 0 0 0 1232 3 0 35 0 1727 113 0
1393448592 28738 521310 102082 150073 0 0 414965 0 20517 0 0 0 1232 3 0 35 0 1727 113 0
1393453885 28749 521310 102082 150073 0 0 414965 0 20517 0 0 0 1232 3 0 35 0 1727 113 0
1393517776 28806 521310 102082 150073 0 0 414965 0 20517 0 0 0 1232 3 0 35 0 1727 113 0
1393526345 28806 521310 102082 150073 0 0 414965 0 20517 0 0 0 1232 3 0 35 0 1727 113 0
1393534077 28806 521317 102082 150073 0 0 414965 0 20517 0 0 0 1232 3 0 35 0 1727 113 0
1393534093 28806 521317 102082 150073 0 0 414965 0 20517 0 0 0 1232 3 0 35 0 1727 113 0
1393534917 28868 521317 102082 150073 0 0 414965 0 20517 0 0 0 1232 3 0 35 0 1727 113 0
1393543714 28868 521317 102082 150073 0 0 414965 0 20517 0 0 0 1232 3 0 35 0 1727 113 0
1393543767 28912 521317 102082 150073 0 0 414965 0 20517 0 0 0 1232 3 0 35 0 1727 113 0
1393552574 28912 521317 102082 150073 0 0 414965 0 20517 0 0 0 1232 3 0 35 0 1727 113 0
1393584924 29037 521317 102082 150073 0 0 414965 0 20517 0 0 0 1232 3 0 35 0 1727 113 0
1393610516 29460 521317 102082 150073 0 0 414965 0 20517 0 0 0 1232 3 0 35 0 1727 113 0
1393611798 29462 521317 102082 150073 0 0 414965 0 20517 0 0 0 1232 3 0 35 0 1727 113 0
1393616016 29598 521317 102082 150073 0 0 414965 0 20517 0 0 0 1232 3 0 35 0 1727 113 0
1393668282 29622 521317 102082 150073 0 0 414965 0 20517 0 0 0 1232 3 0 35 0 1727 113 0
1393671387 29740 521317 102082 150073 0 0 414965 0 20517 0 0 0 1232 3 0 35 0 1727 113 0
1393671481 29747 521317 102082 150073 0 0 414965 0 20517 0 0 0 1232 3 0 35 0 1727 113 0
1393671569 29748 521317 102082 150073 0 0 414965 0 20517 0 0 0 1232 3 0 35 0 1727 113 0
1393672171 29750 521317 102082 150073 0 0 414965 0 20517 0 0 0 1232 3 0 35 0 1727 113 0
1393840804 29842 521317 102082 150073 0 0 414965 0 20517 0 0 0 1232 3 0 35 0 1727 113 0
1393841674 29867 521317 102082 150073 0 0 414965 0 20517 0 0 0 1232 3 0 35 0 1727 113 0
1393844128 29911 521317 102082 150073 0 0 414965 0 20517 0 0 0 1232 3 0 35 0 1727 113 0
1393845517 29919 521317 102082 150073 0 0 414965 0 20517 0 0 0 1232 3 0 35 0 1727 113 0
1393845860 29920 521317 102082 150073 0 0 414965 0 20517 0 0 0 1232 3 0 35 0 1727 113 0
1393849217 29939 521317 102082 150073 0 0 414965 0 20517 0 0 0 1232 3 0 35 0 1727 113 0
1393850668 29966 521317 102082 150073 0 0 414965 0 20517 0 0 0 1232 3 0 35 0 1727 113 0
1393887726 29966 521317 102552 150073 0 0 414965 0 20517 0 0 0 1232 3 0 35 0 1727 113 0
1393892156 29966 521317 102557 150073 0 0 414965 0 20517 0 0 0 1232 3 0 35 0 1727 113 0
1393893583 29966 521317 102557 150073 0 0 414965 0 20517 0 0 0 1232 3 0 35 0 1727 113 0
1393894132 29966 521319 102557 150073 0 0 414965 0 20517 0 0 0 1232 3 0 35 0 1727 113 0
1393894216 29966 521319 102557 150073 0 0 414965 0 20517 0 0 0 1232 3 0 35 0 1727 113 0
1393957940 29966 521319 102559 150073 0 0 414965 0 20517 0 0 0 1232 3 0 35 0 1727 113 0
1393957952 29966 521319 102559 150073 0 0 414965 0 20517 0 0 0 1232 3 0 35 0 1727 113 0
1393972627 30046 521319 102559 150073 0 0 414965 0 20517 0 0 0 1232 3 0 35 0 1727 113 0
1393979684 30046 521319 102564 150073 0 0 414965 0 20517 0 0 0 1232 3 0 35 0 1727 113 0
1394008614 30094 521319 102564 150073 0 0 414965 0 20517 0 0 0 1232 3 0 35 0 1727 113 0
1394017803 30094 521319 102564 150073 0 0 414965 0 20517 0 0 0 1232 3 0 35 0 1727 113 0
1394017850 30095 521319 102564 150073 0 0 414965 0 20517 0 0 0 1232 3 0 35 0 1727 113 0
1394044161 30095 521319 102564 150073 0 0 414965 0 20517 0 0 0 1232 3 0 35 0 1727 113 0
1394046673 30095 521321 102564 150073 0 0 414965 0 20517 0 0 0 1232 3 0 35 0 1727 113 0
1394046702 30095 521321 102564 150073 0 0 414965 0 20517 0 0 0 1232 3 0 35 0 1727 113 0
1394129717 30095 521321 102587 150073 0 0 414965 0 20517 0 0 0 1232 3 0 35 0 1727 113 0
1394176157 30099 521321 102587 150073 0 0 414965 0 20517 0 0 0 1232 3 0 35 0 1727 113 0
1394181573 30160 521321 102587 150073 0 0 414965 0 20517 0 0 0 1232 3 0 35 0 1727 113 0
1394182945 30187 521321 102587 150073 0 0 414965 0 20517 0 0 0 1232 3 0 35 0 1727 113 0
1394205336 30188 521321 102587 150073 0 0 414965 0 20517 0 0 0 1232 3 0 35 0 1727 113 0
1394213120 30188 521321 102587 150073 0 0 414965 0 20517 0 0 0 1232 3 0 35 0 1727 113 0
1394213490 30188 521324 102587 150073 0 0 414965 0 20517 0 0 0 1232 3 0 35 0 1727 113 0
1394224938 30211 521324 102587 150073 0 0 414965 0 20517 0 0 0 1232 3 0 35 0 1727 113 0
1394467455 30211 521324 102587 150073 0 0 414965 0 20517 0 0 0 1232 3 0 35 0 1727 113 0
1394468947 30211 521328 102587 150073 0 0 414965 0 20517 0 0 0 1232 3 0 35 0 1727 113 0
1394625475 30307 521328 102587 150073 0 0 414965 0 20517 0 0 0 1232 3 0 35 0 1727 113 0
1394712015 30313 521328 102587 150073 0 0 414965 0 20517 0 0 0 1232 3 0 35 0 1727 113 0
1394730395 30893 521328 102587 150073 0 0 414965 0 20517 0 0 0 1232 3 0 35 0 1727 113 0
1394736795 30893 521328 102604 150073 0 0 414965 0 20517 0 0 0 1232 3 0 35 0 1727 113 0
1394737215 30912 521328 102604 150073 0 0 414965 0 20517 0 0 0 1232 3 0 35 0 1727 113 0
1394737258 30912 521328 102604 150073 0 0 414965 0 20517 0 0 0 1232 3 0 35 0 1727 113 0
1394737385 30913 521328 102604 150073 0 0 414965 0 20517 0 0 0 1232 3 0 35 0 1727 113 0
1394737568 41262 521328 102604 150073 0 0 414965 0 20517 0 0 0 1232 3 0 35 0 1727 113 0
1394739311 41264 521328 102604 150073 0 0 414965 0 20517 0 0 0 1232 3 0 35 0 1727 113 0
1394744767 41272 521328 102604 150073 0 0 414965 0 20517 0 0 0 1232 3 0 35 0 1727 113 0
1394746411 41276 521328 102604 150073 0 0 414965 0 20517 0 0 0 1232 3 0 35 0 1727 113 0
1394748568 41276 521328 112941 150073 0 0 414965 0 20517 0 0 0 1232 3 0 35 0 1727 113 0
1394748582 41276 521328 112941 150073 0 0 414965 0 20517 0 0 0 1232 3 0 35 0 1727 113 0
1394748634 41276 521328 113110 150073 0 0 414965 0 20517 0 0 0 1232 3 0 35 0 1727 113 0
1394748712 41276 521328 113122 150073 0 0 414965 0 20517 0 0 0 1232 3 0 35 0 1727 113 0
1394799741 49166 521328 113122 150073 0 0 414965 0 20517 0 0 0 1232 3 0 35 0 1727 113 0
1394799776 49166 521328 113122 150073 0 0 414965 0 20517 0 0 0 1232 3 0 35 0 1727 113 0
1394799810 49168 521328 113122 150073 0 0 414965 0 20517 0 0 0 1232 3 0 35 0 1727 113 0
1394840521 49621 521328 113122 150073 0 0 414965 0 20517 0 0 0 1232 3 0 35 0 1727 113 0
1394840989 49637 521328 113122 150073 0 0 414965 0 20517 0 0 0 1232 3 0 35 0 1727 113 0
1394841818 49664 521328 113122 150073 0 0 414965 0 20517 0 0 0 1232 3 0 35 0 1727 113 0
1394842317 49683 521328 113122 150073 0 0 414965 0 20517 0 0 0 1232 3 0 35 0 1727 113 0
1394876605 49793 521328 113122 150073 0 0 414965 0 20517 0 0 0 1232 3 0 35 0 1727 113 0
1394883179 49793 521328 113122 150073 0 0 414965 0 20517 0 0 0 1232 3 0 35 0 1727 113 0
1394888821 50057 521328 113122 150073 0 0 414965 0 20517 0 0 0 1232 3 0 35 0 1727 113 0
1394889266 50107 521328 113122 150073 0 0 414965 0 20517 0 0 0 1232 3 0 35 0 1727 113 0
1394889525 50107 521328 113122 150073 0 0 414965 0 20517 0 0 0 1232 3 0 35 0 1727 113 0
1394889539 50107 521328 113122 150073 0 0 414965 0 20517 0 0 0 1232 3 0 35 0 1727 113 0
1394896905 50200 521328 113122 150073 0 0 414965 0 20517 0 0 0 1232 3 0 35 0 1727 113 0
1394898057 50251 521328 113122 150073 0 0 414965 0 20517 0 0 0 1232 3 0 35 0 1727 113 0
1394898709 50266 521328 113122 150073 0 0 414965 0 20517 0 0 0 1232 3 0 35 0 1727 113 0
1394903451 50318 521328 113122 150073 0 0 414965 0 20517 0 0 0 1232 3 0 35 0 1727 113 0
1394905288 50564 521328 113122 150073 0 0 414965 0 20517 0 0 0 1232 3 0 35 0 1727 113 0
1394988439 50725 521328 113122 150073 0 0 414965 0 20517 0 0 0 1232 3 0 35 0 1727 113 0
1394995915 50846 521328 113122 150073 0 0 414965 0 20517 0 0 0 1232 3 0 35 0 1727 113 0
1394999468 50863 521328 113122 150073 0 0 414965 0 20517 0 0 0 1232 3 0 35 0 1727 113 0
1395002822 50868 521328 113122 150073 0 0 414965 0 20517 0 0 0 1232 3 0 35 0 1727 113 0
1395066933 50896 521328 113122 150073 0 0 414965 0 20517 0 0 0 1232 3 0 35 0 1727 113 0
1395070873 50927 521328 113122 150073 0 0 414965 0 20517 0 0 0 1232 3 0 35 0 1727 113 0
1395071533 50948 521328 113122 150073 0 0 414965 0 20517 0 0 0 1232 3 0 35 0 1727 113 0
1395090535 50948 521412 113122 150073 0 0 414965 0 20517 0 0 0 1232 3 0 35 0 1727 113 0
1395090638 50948 521413 113122 150073 0 0 414965 0 20517 0 0 0 1232 3 0 35 0 1727 113 0
1395090649 50948 521414 113122 150073 0 0 414965 0 20517 0 0 0 1232 3 0 35 0 1727 113 0
1395096025 50948 521441 113122 150073 0 0 414965 0 20517 0 0 0 1232 3 0 35 0 1727 113 0
1395128341 50948 521441 113122 150073 0 0 414965 0 20517 0 0 0 1232 3 0 35 0 1727 113 0
1395128446 50948 521441 113122 150073 0 0 414965 0 20517 0 0 0 1232 3 0 35 0 1727 113 0
1395128585 50949 521441 113122 150073 0 0 414965 0 20517 0 0 0 1232 3 0 35 0 1727 113 0
1395129656 50957 521441 113122 150073 0 0 414965 0 20517 0 0 0 1232 3 0 35 0 1727 113 0
1395132989 50978 521441 113122 150073 0 0 414965 0 20517 0 0 0 1232 3 0 35 0 1727 113 0
1395135597 51012 521441 113122 150073 0 0 414965 0 20517 0 0 0 1232 3 0 35 0 1727 113 0
1395136381 51030 521441 113122 150073 0 0 414965 0 20517 0 0 0 1232 3 0 35 0 1727 113 0
1395140299 51073 521441 113122 150073 0 0 414965 0 20517 0 0 0 1232 3 0 35 0 1727 113 0
1395141895 51121 521441 113122 150073 0 0 414965 0 20517 0 0 0 1232 3 0 35 0 1727 113 0
1395144875 51123 521441 113122 150073 0 0 414965 0 20517 0 0 0 1232 3 0 35 0 1727 113 0
1395146985 51129 521441 113122 150073 0 0 414965 0 20517 0 0 0 1232 3 0 35 0 1727 113 0
1395154842 51204 521441 113122 150073 0 0 414965 0 20517 0 0 0 1232 3 0 35 0 1727 113 0
1395156607 51205 521441 113122 150073 0 0 414965 0 20517 0 0 0 1232 3 0 35 0 1727 113 0
1395167824 51205 521441 113168 150073 0 0 414965 0 20517 0 0 0 1232 3 0 35 0 1727 113 0
1395170513 51205 521441 113168 150073 0 0 414965 0 20517 0 0 0 1232 3 0 35 0 1727 113 0
1395171381 51233 521441 113168 150073 0 0 414965 0 20517 0 0 0 1232 3 0 35 0 1727 113 0
1395174915 51329 521441 113168 150073 0 0 414965 0 20517 0 0 0 1232 3 0 35 0 1727 113 0
1395177185 51329 521441 113176 150073 0 0 414965 0 20517 0 0 0 1232 3 0 35 0 1727 113 0
1395178349 51396 521441 113176 150073 0 0 414965 0 20517 0 0 0 1232 3 0 35 0 1727 113 0
1395178525 51420 521441 113176 150073 0 0 414965 0 20517 0 0 0 1232 3 0 35 0 1727 113 0
1395179021 51431 521441 113176 150073 0 0 414965 0 20517 0 0 0 1232 3 0 35 0 1727 113 0
1395180088 51478 521441 113176 150073 0 0 414965 0 20517 0 0 0 1232 3 0 35 0 1727 113 0
1395216988 51478 521441 113176 150073 0 0 414965 0 20517 0 0 0 1232 3 0 35 0 1727 113 0
1395218311 51640 521441 113176 150073 0 0 414965 0 20517 0 0 0 1232 3 0 35 0 1727 113 0
1395223942 51671 521441 113176 150073 0 0 414965 0 20517 0 0 0 1232 3 0 35 0 1727 113 5
1395249440 51671 521441 113176 150073 0 0 414965 0 20517 0 0 0 1232 3 0 35 0 1727 113 5
1395346300 51671 521441 113176 150073 0 0 414965 0 20517 0 0 0 1232 3 0 35 0 1727 113 5
1395346491 51724 521441 113176 150073 0 0 414965 0 20517 0 0 0 1232 3 0 35 0 1727 113 5
1395346533 51780 521441 113176 150073 0 0 414965 0 20517 0 0 0 1232 3 0 35 0 1727 113 5
1395347025 51780 521441 113176 150073 0 0 414965 0 20517 0 0 0 1232 3 0 35 0 1727 113 5
1395349687 51786 521441 113176 150073 0 0 414965 0 20517 0 0 0 1232 3 0 35 0 1727 113 5
1395402583 51822 521441 113176 150073 0 0 414965 0 20517 0 0 0 1232 3 0 35 0 1727 113 5
1395410224 52021 521441 113176 150073 0 0 414965 0 20517 0 0 0 1232 3 0 35 0 1727 113 5
1395411088 52022 521441 113176 150073 0 0 414965 0 20517 0 0 0 1232 3 0 35 0 1727 113 5
1395413625 52024 521441 113176 150073 0 0 414965 0 20517 0 0 0 1232 3 0 35 0 1727 113 5
1395428233 52179 521441 113176 150073 0 0 414965 0 20517 0 0 0 1232 3 0 35 0 1727 113 5
1395430898 52230 521441 113176 150073 0 0 414965 0 20517 0 0 0 1232 3 0 35 0 1727 113 5
1395437420 52234 521441 113176 150073 0 0 414965 0 20517 0 0 0 1232 3 0 35 0 1727 113 5
1395439780 52243 521441 113176 150073 0 0 414965 0 20517 0 0 0 1232 3 0 35 0 1727 113 5
1395440076 52246 521441 113176 150073 0 0 414965 0 20517 0 0 0 1232 3 0 35 0 1727 113 5
1395440573 52250 521441 113176 150073 0 0 414965 0 20517 0 0 0 1232 3 0 35 0 1727 113 5
1395441614 52258 521441 113176 150073 0 0 414965 0 20517 0 0 0 1232 3 0 35 0 1727 113 5
1395502734 52325 521441 113176 150073 0 0 414965 0 20517 0 0 0 1232 3 0 35 0 1727 113 5
1395733509 52474 521441 113176 150073 0 0 414965 0 20517 0 0 0 1232 3 0 35 0 1727 113 5
1395736452 52547 521441 113176 150073 0 0 414965 0 20517 0 0 0 1232 3 0 35 0 1727 113 5
1395755381 53048 521441 113176 150073 0 0 414965 0 20517 0 0 0 1232 3 0 35 0 1727 113 5
1395759420 53128 521441 113176 150073 0 0 414965 0 20517 0 0 0 1232 3 0 35 0 1727 113 5
1395767568 53227 521441 113176 150073 0 0 414965 0 20517 0 0 0 1232 3 0 35 0 1727 113 5
1395860932 53822 521441 113176 150073 0 0 414965 0 20517 0 0 0 1232 3 0 35 0 1727 113 5
1395862610 54675 521441 113176 150073 0 0 414965 0 20517 0 0 0 1232 3 0 35 0 1727 113 5
1395870923 54701 521441 113176 150073 0 0 414965 0 20517 0 0 0 1232 3 0 35 0 1727 113 5
1395871943 54708 521441 113176 150073 0 0 414965 0 20517 0 0 0 1232 3 0 35 0 1727 113 5
1395873831 54722 521441 113176 150073 0 0 414965 0 20517 0 0 0 1232 3 0 35 0 1727 113 5
1395874089 54743 521441 113176 150073 0 0 414965 0 20517 0 0 0 1232 3 0 35 0 1727 113 5
1395906909 54755 521441 113176 150073 0 0 414965 0 20517 0 0 0 1232 3 0 35 0 1727 113 5
1395908043 54758 521441 113176 150073 0 0 414965 0 20517 0 0 0 1232 3 0 35 0 1727 113 5
1395909716 54797 521441 113176 150073 0 0 414965 0 20517 0 0 0 1232 3 0 35 0 1727 113 5
1395911480 54798 521441 113176 150073 0 0 414965 0 20517 0 0 0 1232 3 0 35 0 1727 113 5
1395918598 55277 521441 113176 150073 0 0 414965 0 20517 0 0 0 1232 3 0 35 0 1727 113 5
1395918857 55277 521441 113176 150073 0 0 414965 0 20517 0 0 0 1232 3 0 35 0 1727 113 5
1396228176 55277 521441 114150 150073 0 0 414965 0 20517 0 0 0 1232 3 0 35 0 1727 113 5
1396268071 56223 521441 114150 150073 0 0 414965 0 20517 0 0 0 1232 3 0 35 0 1727 113 5
1396274775 56398 521441 114150 150073 0 0 414965 0 20517 0 0 0 1232 3 0 35 0 1727 113 5
1396291520 56398 521441 114196 150073 0 0 414965 0 20517 0 0 0 1232 3 0 35 0 1727 113 5
1396291545 56398 521441 114197 150073 0 0 414965 0 20517 0 0 0 1232 3 0 35 0 1727 113 5
1396299321 56398 521441 114197 150073 0 0 414965 0 20517 0 0 0 1232 3 0 35 0 1727 113 5
1396304808 56398 521441 114234 150073 0 0 414965 0 20517 0 0 0 1232 3 0 35 0 1727 113 5
1396336404 56922 521441 114234 150073 0 0 414965 0 20517 0 0 0 1232 3 0 35 0 1727 113 5
1396339865 56982 521441 114234 150073 0 0 414965 0 20517 0 0 0 1232 3 0 35 0 1727 113 5
1396340900 57017 521441 114234 150073 0 0 414965 0 20517 0 0 0 1232 3 0 35 0 1727 113 5
1396342911 57023 521441 114234 150073 0 0 414965 0 20517 0 0 0 1232 3 0 35 0 1727 113 5
1396344461 57043 521441 114234 150073 0 0 414965 0 20517 0 0 0 1232 3 0 35 0 1727 113 5
1396345935 57057 521441 114234 150073 0 0 414965 0 20517 0 0 0 1232 3 0 35 0 1727 113 5
1396351667 57109 521441 114234 150073 0 0 414965 0 20517 0 0 0 1232 3 0 35 0 1727 113 5
1396358674 57127 521441 114234 150073 0 0 414965 0 20517 0 0 0 1232 3 0 35 0 1727 113 5
1396392281 57289 521441 114234 150073 0 0 414965 0 20517 0 0 0 1232 3 0 35 0 1727 113 5
1396421735 57609 521441 114234 150073 0 0 414965 0 20517 0 0 0 1232 3 0 35 0 1727 113 5
1396422607 57621 521441 114234 150073 0 0 414965 0 20517 0 0 0 1232 3 0 35 0 1727 113 5
1396433562 58356 521441 114234 150073 0 0 414965 0 20517 0 0 0 1232 3 0 35 0 1727 113 5
1396435036 58394 521441 114234 150073 0 0 414965 0 20517 0 0 0 1232 3 0 35 0 1727 113 5
1396436539 58433 521441 114234 150073 0 0 414965 0 20517 0 0 0 1232 3 0 35 0 1727 113 5
1396445718 58476 521441 114234 150073 0 0 414965 0 20517 0 0 0 1232 3 0 35 0 1727 113 5
1396446024 58476 521441 114234 150073 0 0 414965 0 20517 0 0 0 1232 3 0 35 0 1727 113 5
1396452530 58562 521441 114234 150073 0 0 414965 0 20517 0 0 0 1232 3 0 35 0 1727 113 5
1396454954 58585 521441 114234 150073 0 0 414965 0 20517 0 0 0 1232 3 0 35 0 1727 113 5
1396475222 58825 521441 114234 150073 0 0 414965 0 20517 0 0 0 1232 3 0 35 0 1727 113 5
1396520884 59077 521441 114234 150073 0 0 414965 0 20517 0 0 0 1232 3 0 35 0 1727 113 5
1396523997 59085 521441 114234 150073 0 0 414965 0 20517 0 0 0 1232 3 0 35 0 1727 113 5
1396527419 59145 521441 114234 150073 0 0 414965 0 20517 0 0 0 1232 3 0 35 0 1727 113 5
1396553213 59370 521441 114234 150073 0 0 414965 0 20517 0 0 0 1232 3 0 35 0 1727 113 5
1396585090 59370 521441 114329 150073 0 0 414965 0 20517 0 0 0 1232 3 0 35 0 1727 113 5
1396591269 59373 521441 114329 150073 0 0 414965 0 20517 0 0 0 1232 3 0 35 0 1727 113 5
1396892344 59373 521441 114329 150073 0 0 414965 0 20517 0 0 0 1232 3 0 35 0 1727 113 5
1396895863 59373 521441 120701 150073 0 0 414965 0 20517 0 0 0 1232 3 0 35 0 1727 113 5
1396971229 59373 521626 120701 150073 0 0 414965 0 20517 0 0 0 1232 3 0 35 0 1727 113 5
1397027096 59432 521626 120701 150073 0 0 414965 0 20517 0 0 0 1232 3 0 35 0 1727 113 5
1397157645 59432 521626 120782 150073 0 0 414965 0 20517 0 0 0 1232 3 0 35 0 1727 113 5
1397497493 59432 521626 120782 150073 0 0 414965 0 20517 0 0 0 1232 3 0 35 0 1727 113 5
1397497746 59432 522140 120782 150073 0 0 414965 0 20517 0 0 0 1232 3 0 35 0 1727 113 5
1397576122 59432 522170 120782 150073 0 0 414965 0 20517 0 0 0 1232 3 0 35 0 1727 113 5
1397576447 59432 522171 120782 150073 0 0 414965 0 20517 0 0 0 1232 3 0 35 0 1727 113 5
1397589328 59432 522171 124334 150073 0 0 414965 0 20517 0 0 0 1232 3 0 35 0 1727 113 5
1397750770 59432 522171 124334 150073 0 1 414965 0 20517 0 0 0 1232 3 0 35 0 1727 113 5
1398107342 59432 522171 124345 150073 0 1 414965 0 20517 0 0 0 1232 3 0 35 0 1727 113 5
1398795493 59432 522171 124531 150073 0 1 414965 0 20517 0 0 0 1232 3 0 35 0 1727 113 5
1398888576 59432 522171 124531 150073 0 354 414965 0 20517 0 0 0 1232 3 0 35 0 1727 113 5
1398888759 59432 522171 124531 150073 0 354 414965 0 20517 0 0 0 1232 3 0 35 0 1727 113 5
1398888760 59432 522171 124531 150073 0 354 414965 0 20517 0 0 0 1232 3 0 35 0 1727 113 5
1398890920 59432 522171 124531 150073 0 1357 414965 0 20517 0 0 0 1232 3 0 35 0 1727 113 5
1398892060 59432 522171 124531 150073 0 1357 414965 0 20517 0 0 0 1232 3 0 35 0 1727 113 5
1398894191 59432 522171 124533 150073 0 1357 414965 0 20517 0 0 0 1232 3 0 35 0 1727 113 5
1399304812 59432 522171 124616 150073 0 1357 414965 0 20517 0 0 0 1232 3 0 35 0 1727 113 5
1399416972 59432 522171 124651 150073 0 1357 414965 0 20517 0 0 0 1232 3 0 35 0 1727 113 5
1399502641 59432 522171 124651 150073 0 1357 414965 0 20517 0 0 0 1232 3 0 35 0 1727 113 5
1399502912 59432 522171 124652 150073 0 1357 414965 0 20517 0 0 0 1232 3 0 35 0 1727 113 5
1399503245 59432 522171 124653 150073 0 1357 414965 0 20517 0 0 0 1232 3 0 35 0 1727 113 5
1399657749 59432 522171 124687 150073 0 1357 414965 0 20517 0 0 0 1232 3 0 35 0 1727 113 5
1399672464 59432 522171 124715 150073 0 1357 414965 0 20517 0 0 0 1232 3 0 35 0 1727 113 5
1400085698 59432 522171 124716 150073 0 1357 414965 0 20517 0 0 0 1232 3 0 35 0 1727 113 5
1400085833 59432 522171 124716 150073 0 1357 414965 0 20517 0 0 0 1232 3 0 35 0 1727 113 5
1400085956 59432 522171 124716 150073 0 1357 414965 0 20517 0 0 0 1232 3 0 35 0 1727 113 5
1400086357 59432 522171 125658 150073 0 1357 414965 0 20517 0 0 0 1232 3 0 35 0 1727 113 5
1400598291 59432 522171 125885 150073 0 1357 414965 0 20517 0 0 0 1232 3 0 35 0 1727 113 5
1400609326 59432 522171 125888 150073 0 1357 414965 0 20517 0 0 0 1232 3 0 35 0 1727 113 5
1401870177 59854 522171 125888 150073 0 1357 414965 0 20517 0 0 0 1232 3 0 35 0 1727 113 5
1401904277 59862 522171 125888 150073 0 1357 414965 0 20517 0 0 0 1232 3 0 35 0 1727 113 5
1401907777 60293 522171 125888 150073 0 1357 414965 0 20517 0 0 0 1232 3 0 35 0 1727 113 5
1401908098 60295 522171 125888 150073 0 1357 414965 0 20517 0 0 0 1232 3 0 35 0 1727 113 5
1401975435 60678 522171 125888 150073 0 1357 414965 0 20517 0 0 0 1232 3 0 35 0 1727 113 5
1401977578 61000 522171 125888 150073 0 1357 414965 0 20517 0 0 0 1232 3 0 35 0 1727 113 5
1402158880 61200 522171 125888 150073 0 1357 414965 0 20517 0 0 0 1232 3 0 35 0 1727 113 5
1402360701 61200 522171 126185 150073 0 1357 414965 0 20517 0 0 0 1232 3 0 35 0 1727 113 5
1402380161 61248 522171 126185 150073 0 1357 414965 0 20517 0 0 0 1232 3 0 35 0 1727 113 5
1402436494 61248 522171 126334 150073 0 1357 414965 0 20517 0 0 0 1232 3 0 35 0 1727 113 5
1402436540 61248 522171 126334 150073 0 1357 414965 0 20517 0 0 0 1232 3 0 35 0 1727 113 5
1402439381 61258 522171 126334 150073 0 1357 414965 0 20517 0 0 0 1232 3 0 35 0 1727 113 5
1402468535 61274 522171 126334 150073 0 1357 414965 0 20517 0 0 0 1232 3 0 35 0 1727 113 5
1402531268 61274 522171 126444 150073 0 1357 414965 0 20517 0 0 0 1232 3 0 35 0 1727 113 5
1402544927 61384 522171 126444 150073 0 1357 414965 0 20517 0 0 0 1232 3 0 35 0 1727 113 5
1402544946 61384 522171 126444 150073 0 1357 414965 0 20517 0 0 0 1232 3 0 35 0 1727 113 5
1402546769 61398 522171 126444 150073 0 1357 414965 0 20517 0 0 0 1232 3 0 35 0 1727 113 5
1402550856 61416 522171 126444 150073 0 1357 414965 0 20517 0 0 0 1232 3 0 35 0 1727 113 5
1402597303 61416 522171 126555 150073 0 1357 414965 0 20517 0 0 0 1232 3 0 35 0 1727 113 5
1402602470 61416 522171 126591 150073 0 1357 414965 0 20517 0 0 0 1232 3 0 35 0 1727 113 5
1402695903 61416 522171 126611 150073 0 1357 414965 0 20517 0 0 0 1232 3 0 35 0 1727 113 5
1402933455 61422 522171 126611 150073 0 1357 414965 0 20517 0 0 0 1232 3 0 35 0 1727 113 5
1402943088 61535 522171 126611 150073 0 1357 414965 0 20517 0 0 0 1232 3 0 35 0 1727 113 5
1402946182 61535 522171 126674 150073 0 1357 414965 0 20517 0 0 0 1232 3 0 35 0 1727 113 5
1402953983 61535 522171 126674 150073 0 1357 414965 0 20517 0 0 0 1232 3 0 35 0 1727 113 5
1403032437 61535 522171 126674 150073 0 1359 414965 0 20517 0 0 0 1232 3 0 35 0 1727 113 5
1403032786 61535 522171 126674 150073 0 1360 414965 0 20517 0 0 0 1232 3 0 35 0 1727 113 5
1403046006 61535 522171 126676 150073 0 1360 414965 0 20517 0 0 0 1232 3 0 35 0 1727 113 5
1403046015 61535 522171 126676 150073 0 1360 414965 0 20517 0 0 0 1232 3 0 35 0 1727 113 5
1403117669 61535 522171 126681 150073 0 1360 414965 0 20517 0 0 0 1232 3 0 35 0 1727 113 5
1403126395 61535 522171 126685 150073 0 1360 414965 0 20517 0 0 0 1232 3 0 35 0 1727 113 5
1403288018 61535 522171 126687 150073 0 1360 414965 0 20517 0 0 0 1232 3 0 35 0 1727 113 5
1403636934 61535 522171 128297 150073 0 1360 414965 0 20517 0 0 0 1232 3 0 35 0 1727 113 5
1403637219 61535 522171 128311 150073 0 1360 414965 0 20517 0 0 0 1232 3 0 35 0 1727 113 5
1403692029 61535 522171 128311 150073 0 1360 414965 0 20517 0 0 0 1232 3 0 35 0 1727 113 5
1403711614 61535 522171 128311 150073 0 1360 414965 0 20517 0 0 0 1232 3 0 35 0 1727 113 5
1404207952 61535 522171 128311 150073 0 1360 414965 0 20517 0 1 0 1232 3 0 35 0 1727 113 5
1404208127 61535 522171 128311 150073 0 1360 414965 0 20517 0 3 0 1232 3 0 35 0 1727 113 5
1404208222 61535 522171 128311 150073 0 1360 414965 0 20517 0 5 0 1232 3 0 35 0 1727 113 5
1404208348 61535 522171 128311 150073 0 1360 414965 0 20517 0 5 0 1232 3 0 35 0 1727 113 5
1404210787 61535 522171 128311 150073 0 1360 414965 0 20517 0 7 0 1232 3 0 35 0 1727 113 5
1404211022 61535 522171 128311 150073 0 1360 414965 0 20517 0 16 0 1232 3 0 35 0 1727 113 5
1404211064 61535 522171 128311 150073 0 1360 414965 0 20517 0 18 0 1232 3 0 35 0 1727 113 5
1404211126 61535 522171 128311 150073 0 1360 414965 0 20517 0 20 0 1232 3 0 35 0 1727 113 5
1404211172 61535 522171 128311 150073 0 1360 414965 0 20517 0 22 0 1232 3 0 35 0 1727 113 5
1404211221 61535 522171 128311 150073 0 1360 414965 0 20517 0 24 0 1232 3 0 35 0 1727 113 5
1404211269 61535 522171 128311 150073 0 1360 414965 0 20517 0 26 0 1232 3 0 35 0 1727 113 5
1404211319 61535 522171 128311 150073 0 1360 414965 0 20517 0 29 0 1232 3 0 35 0 1727 113 5
1404211372 61535 522171 128311 150073 0 1360 414965 0 20517 0 32 0 1232 3 0 35 0 1727 113 5
1404259844 61535 522171 128311 150073 0 1360 414965 0 20517 0 32 0 1232 3 0 35 0 1727 113 5
1404896922 61535 522171 128311 150073 4 1360 414965 0 20517 0 32 0 1232 3 0 35 0 1727 113 5
1404940971 61762 522171 128311 150073 4 1360 414965 0 20517 0 32 0 1232 3 0 35 0 1727 113 5
1404975083 61764 522171 128311 150073 4 1360 414965 0 20517 0 32 0 1232 3 0 35 0 1727 113 5
1404980431 61856 522171 128311 150073 4 1360 414965 0 20517 0 32 0 1232 3 0 35 0 1727 113 5
1404981338 61874 522171 128311 150073 4 1360 414965 0 20517 0 32 0 1232 3 0 35 0 1727 113 5
1404989989 61896 522171 128311 150073 4 1360 414965 0 20517 0 32 0 1232 3 0 35 0 1727 113 5
1404991649 61926 522171 128311 150073 4 1360 414965 0 20517 0 32 0 1232 3 0 35 0 1727 113 5
1404998282 61931 522171 128311 150073 4 1360 414965 0 20517 0 32 0 1232 3 0 35 0 1727 113 5
1405037155 61931 522171 128311 150073 4 1360 414965 78 20517 0 32 0 1232 3 0 35 0 1727 113 5
1405061700 61955 522171 128311 150073 4 1360 414965 78 20517 0 32 0 1232 3 0 35 0 1727 113 5
1405068144 61956 522171 128311 150073 4 1360 414965 78 20517 0 32 0 1232 3 0 35 0 1727 113 5
1405111768 61956 522171 128311 150073 4 1360 414965 78 20517 0 32 0 1232 3 0 35 0 1727 113 5
1405122221 61956 522171 128311 150073 4 1360 414965 3136 20517 0 32 0 1232 3 0 35 0 1727 113 5
1405122235 61956 522171 128311 150073 4 1360 414965 3137 20517 0 32 0 1232 3 0 35 0 1727 113 5
1405124475 61956 522171 128311 150073 4 1360 414965 3138 20517 0 32 0 1232 3 0 35 0 1727 113 5
1405124488 61956 522171 128311 150073 4 1360 414965 3169 20517 0 32 0 1232 3 0 35 0 1727 113 5
1405158441 62008 522171 128311 150073 4 1360 414965 3169 20517 0 32 0 1232 3 0 35 0 1727 113 5
1405449985 62008 522171 128311 150073 4 1360 414965 3170 20517 0 32 0 1232 3 0 35 0 1727 113 5
1405450361 62008 522171 128311 150073 4 1360 414965 3171 20517 0 32 0 1232 3 0 35 0 1727 113 5
1405450382 62008 522171 128311 150073 4 1360 414965 3176 20517 0 32 0 1232 3 0 35 0 1727 113 5
1405465358 62008 522171 128311 150073 4 1360 414965 3177 20517 0 32 0 1232 3 0 35 0 1727 113 5
1405465386 62008 522171 128311 150073 4 1360 414965 3214 20517 0 32 0 1232 3 0 35 0 1727 113 5
1405592779 62063 522171 128311 150073 4 1360 414965 3214 20517 0 32 0 1232 3 0 35 0 1727 113 5
1405593501 62065 522171 128311 150073 4 1360 414965 3214 20517 0 32 0 1232 3 0 35 0 1727 113 5
1405593696 62065 522171 128311 150073 4 1360 414965 3214 20517 0 32 0 1232 3 0 35 0 1727 113 5
1405594297 62072 522171 128311 150073 4 1360 414965 3214 20517 0 32 0 1232 3 0 35 0 1727 113 5
1405594532 62078 522171 128311 150073 4 1360 414965 3214 20517 0 32 0 1232 3 0 35 0 1727 113 5
1405594868 62091 522171 128311 150073 4 1360 414965 3214 20517 0 32 0 1232 3 0 35 0 1727 113 5
1405595044 62097 522171 128311 150073 4 1360 414965 3214 20517 0 32 0 1232 3 0 35 0 1727 113 5
1405595351 62103 522171 128311 150073 4 1360 414965 3214 20517 0 32 0 1232 3 0 35 0 1727 113 5
1405595946 62109 522171 128311 150073 4 1360 414965 3214 20517 0 32 0 1232 3 0 35 0 1727 113 5
1405596546 62123 522171 128311 150073 4 1360 414965 3214 20517 0 32 0 1232 3 0 35 0 1727 113 5
1405596867 62126 522171 128311 150073 4 1360 414965 3214 20517 0 32 0 1232 3 0 35 0 1727 113 5
1405597120 62135 522171 128311 150073 4 1360 414965 3214 20517 0 32 0 1232 3 0 35 0 1727 113 5
1405597573 62150 522171 128311 150073 4 1360 414965 3214 20517 0 32 0 1232 3 0 35 0 1727 113 5
1405597845 62151 522171 128311 150073 4 1360 414965 3214 20517 0 32 0 1232 3 0 35 0 1727 113 5
1405598336 62157 522171 128311 150073 4 1360 414965 3214 20517 0 32 0 1232 3 0 35 0 1727 113 5
1405598765 62166 522171 128311 150073 4 1360 414965 3214 20517 0 32 0 1232 3 0 35 0 1727 113 5
1405599119 62170 522171 128311 150073 4 1360 414965 3214 20517 0 32 0 1232 3 0 35 0 1727 113 5
1405600522 62174 522171 128311 150073 4 1360 414965 3214 20517 0 32 0 1232 3 0 35 0 1727 113 5
1405601497 62178 522171 128311 150073 4 1360 414965 3214 20517 0 32 0 1232 3 0 35 0 1727 113 5
1405676269 62199 522171 128311 150073 4 1360 414965 3214 20517 0 32 0 1232 3 0 35 0 1727 113 5
1405681325 62280 522171 128311 150073 4 1360 414965 3214 20517 0 32 0 1232 3 0 35 0 1727 113 5
1405683288 62280 522171 128311 150073 4 1360 414965 3214 20517 0 32 0 1232 3 0 35 0 1727 113 5
1405684386 62283 522171 128311 150073 4 1360 414965 3214 20517 0 32 0 1232 3 0 35 0 1727 113 5
1405684954 62287 522171 128311 150073 4 1360 414965 3214 20517 0 32 0 1232 3 0 35 0 1727 113 5
1405685234 62297 522171 128311 150073 4 1360 414965 3214 20517 0 32 0 1232 3 0 35 0 1727 113 5
1405685291 62298 522171 128311 150073 4 1360 414965 3214 20517 0 32 0 1232 3 0 35 0 1727 113 5
1405686080 62300 522171 128311 150073 4 1360 414965 3214 20517 0 32 0 1232 3 0 35 0 1727 113 5
1405686408 62301 522171 128311 150073 4 1360 414965 3214 20517 0 32 0 1232 3 0 35 0 1727 113 5
1405686461 62303 522171 128311 150073 4 1360 414965 3214 20517 0 32 0 1232 3 0 35 0 1727 113 5
1405686748 62303 522171 128311 150073 4 1360 414965 3214 20517 0 32 0 1232 3 0 35 0 1727 113 5
1405687137 62309 522171 128311 150073 4 1360 414965 3214 20517 0 32 0 1232 3 0 35 0 1727 113 5
1405688860 62328 522171 128311 150073 4 1360 414965 3214 20517 0 32 0 1232 3 0 35 0 1727 113 5
1406026611 62343 522171 128311 150073 4 1360 414965 3214 20517 0 32 0 1232 3 0 35 0 1727 113 5
1406027554 62350 522171 128311 150073 4 1360 414965 3214 20517 0 32 0 1232 3 0 35 0 1727 113 5
1406028425 62399 522171 128311 150073 4 1360 414965 3214 20517 0 32 0 1232 3 0 35 0 1727 113 5
1406293448 62415 522171 128311 150073 4 1360 414965 3214 20517 0 32 0 1232 3 0 35 0 1727 113 5
1406294109 62433 522171 128311 150073 4 1360 414965 3214 20517 0 32 0 1232 3 0 35 0 1727 113 5
1406295651 62466 522171 128311 150073 4 1360 414965 3214 20517 0 32 0 1232 3 0 35 0 1727 113 5
1406302989 62530 522171 128311 150073 4 1360 414965 3214 20517 0 32 0 1232 3 0 35 0 1727 113 5
1406303588 62531 522171 128311 150073 4 1360 414965 3214 20517 0 32 0 1232 3 0 35 0 1727 113 5
1406304505 62532 522171 128311 150073 4 1360 414965 3214 20517 0 32 0 1232 3 0 35 0 1727 113 5
1406304665 62533 522171 128311 150073 4 1360 414965 3214 20517 0 32 0 1232 3 0 35 0 1727 113 5
1406314980 62573 522171 128311 150073 4 1360 414965 3214 20517 0 32 0 1232 3 0 35 0 1727 113 5
1406327681 62580 522171 128311 150073 4 1360 414965 3214 20517 0 32 0 1232 3 0 35 0 1727 113 5
1406491012 62584 522171 128311 150073 4 1360 414965 3214 20517 0 32 0 1232 3 0 35 0 1727 113 5
1406494355 62589 522171 128311 150073 4 1360 414965 3214 20517 0 32 0 1232 3 0 35 0 1727 113 5
1406506028 62667 522171 128311 150073 4 1360 414965 3214 20517 0 32 0 1232 3 0 35 0 1727 113 5
1406550700 62678 522171 128311 150073 4 1360 414965 3214 20517 0 32 0 1232 3 0 35 0 1727 113 5
1406551515 62697 522171 128311 150073 4 1360 414965 3214 20517 0 32 0 1232 3 0 35 0 1727 113 5
1406583600 62697 523153 128311 150073 4 1360 414965 3214 20517 0 32 0 1232 3 0 35 0 1727 113 5
1406611022 62697 523349 128311 150073 4 1360 414965 3214 20517 0 32 0 1232 3 0 35 0 1727 113 5
1406624354 62785 523349 128311 150073 4 1360 414965 3214 20517 0 32 0 1232 3 0 35 0 1727 113 5
1406624490 62785 523349 128311 150073 4 1360 414965 3214 20517 0 32 0 1232 3 0 35 0 1727 113 5
1406637189 62785 523349 128311 150073 4 1360 414965 3214 20517 0 32 0 1232 3 0 35 0 1727 113 5
1406637370 62785 523350 128311 150073 4 1360 414965 3214 20517 0 32 0 1232 3 0 35 0 1727 113 5
1406637737 62785 523350 128311 150073 4 1360 414965 3214 20517 0 32 0 1232 3 0 35 0 1727 113 5
1406638118 62785 523351 128311 150073 4 1360 414965 3214 20517 0 32 0 1232 3 0 35 0 1727 113 5
1406638398 62785 523352 128311 150073 4 1360 414965 3214 20517 0 32 0 1232 3 0 35 0 1727 113 5
1406639265 62785 523353 128311 150073 4 1360 414965 3214 20517 0 32 0 1232 3 0 35 0 1727 113 5
1406639947 62785 523354 128311 150073 4 1360 414965 3214 20517 0 32 0 1232 3 0 35 0 1727 113 5
1406641385 62785 523357 128311 150073 4 1360 414965 3214 20517 0 32 0 1232 3 0 35 0 1727 113 5
1406641815 62785 523358 128311 150073 4 1360 414965 3214 20517 0 32 0 1232 3 0 35 0 1727 113 5
1406647236 62785 523361 128311 150073 4 1360 414965 3214 20517 0 32 0 1232 3 0 35 0 1727 113 5
1406649210 62785 523363 128311 150073 4 1360 414965 3214 20517 0 32 0 1232 3 0 35 0 1727 113 5
1406654618 62785 523363 128311 150073 4 1360 414965 3290 20517 0 32 0 1232 3 0 35 0 1727 113 5
1406655098 62785 523363 128311 150073 4 1360 414965 3290 20517 0 32 0 1232 3 0 35 0 1727 113 5
1406657861 62785 523368 128311 150073 4 1360 414965 3290 20517 0 32 0 1232 3 0 35 0 1727 113 5
1406666820 62981 523368 128311 150073 4 1360 414965 3290 20517 0 32 0 1232 3 0 35 0 1727 113 5
1406668930 62981 523406 128311 150073 4 1360 414965 3290 20517 0 32 0 1232 3 0 35 0 1727 113 5
1406669084 62981 523406 128311 150073 4 1360 414965 3290 20517 0 32 0 1232 3 0 35 0 1727 113 5
1406671264 62981 523408 128311 150073 4 1360 414965 3290 20517 0 32 0 1232 3 0 35 0 1727 113 5
1406671771 62981 523408 128311 150073 4 1360 414965 3290 20517 0 32 0 1232 3 0 35 0 1727 113 5
1406672141 62984 523408 128311 150073 4 1360 414965 3290 20517 0 32 0 1232 3 0 35 0 1727 113 5
1406672306 62984 523408 128311 150073 4 1360 414965 3290 20517 0 32 0 1232 3 0 35 0 1727 113 5
1406672633 62984 523417 128311 150073 4 1360 414965 3290 20517 0 32 0 1232 3 0 35 0 1727 113 5
1406673275 63313 523417 128311 150073 4 1360 414965 3290 20517 0 32 0 1232 3 0 35 0 1727 113 5
1406673328 63313 523418 128311 150073 4 1360 414965 3290 20517 0 32 0 1232 3 0 35 0 1727 113 5
1406673393 63313 523418 128311 150073 4 1360 414965 3290 20517 0 32 0 1232 3 0 35 0 1727 113 5
1406673484 63314 523418 128311 150073 4 1360 414965 3290 20517 0 32 0 1232 3 0 35 0 1727 113 5
1406673510 63314 523418 128311 150073 4 1360 414965 3290 20517 0 32 0 1232 3 0 35 0 1727 113 5
1406673681 63323 523418 128311 150073 4 1360 414965 3290 20517 0 32 0 1232 3 0 35 0 1727 113 5
1406677014 63323 523418 128311 150073 4 1360 414965 3291 20517 0 32 0 1232 3 0 35 0 1727 113 5
1406677064 63323 523418 128311 150073 4 1360 414965 3476 20517 0 32 0 1232 3 0 35 0 1727 113 5
1406677082 63323 523418 128311 150073 4 1360 414965 3477 20517 0 32 0 1232 3 0 35 0 1727 113 5
1406677241 63323 523418 128311 150073 4 1360 414965 3477 20517 0 32 0 1232 3 0 35 0 1727 113 5
1406678599 63323 523418 128311 150073 4 1360 414965 3482 20517 0 32 0 1232 3 0 35 0 1727 113 5
1406729186 63323 523418 128311 150073 4 1360 414965 3482 20517 0 32 0 1232 3 0 35 0 1727 113 5
1406734289 63371 523418 128311 150073 4 1360 414965 3482 20517 0 32 0 1232 3 0 35 0 1727 113 5
1406735053 63374 523418 128311 150073 4 1360 414965 3482 20517 0 32 0 1232 3 0 35 0 1727 113 5
1406739029 63375 523418 128311 150073 4 1360 414965 3482 20517 0 32 0 1232 3 0 35 0 1727 113 5
1406740346 63375 523418 128311 150073 4 1360 414965 3484 20517 0 32 0 1232 3 0 35 0 1727 113 5
1406742874 63375 523418 128311 150073 4 1360 414965 3485 20517 0 32 0 1232 3 0 35 0 1727 113 5
1406745270 63375 523418 128311 150073 4 1360 414965 3511 20517 0 32 0 1232 3 0 35 0 1727 113 5
1406759499 63471 523418 128311 150073 4 1360 414965 3511 20517 0 32 0 1232 3 0 35 0 1727 113 5
1406759851 63472 523418 128311 150073 4 1360 414965 3511 20517 0 32 0 1232 3 0 35 0 1727 113 5
1406759972 63472 523418 128311 150073 5 1360 414965 3511 20517 0 32 0 1232 3 0 35 0 1727 113 5
1406759997 63472 523418 128311 150073 5 1360 414965 3511 20517 0 32 0 1232 3 0 35 0 1727 113 5
1406760871 63551 523418 128311 150073 5 1360 414965 3511 20517 0 32 0 1232 3 0 35 0 1727 113 5
1406761144 63551 523418 128311 150073 5 1360 414965 3511 20517 0 32 0 1232 3 0 35 0 1727 113 5
1406764496 63551 523418 128311 150073 5 1360 414965 3528 20517 0 32 0 1232 3 0 35 0 1727 113 5
1406825258 63551 523418 128311 150073 5 1360 414965 3528 20517 1 32 0 1232 3 0 35 0 1727 113 5
1406826358 63551 523418 128311 150073 5 1360 414965 3534 20517 1 32 0 1232 3 0 35 0 1727 113 5
1406828503 63551 523418 128311 150073 5 1360 414965 3536 20517 1 32 0 1232 3 0 35 0 1727 113 5
1406832927 63553 523418 128311 150073 5 1360 414965 3536 20517 1 32 0 1232 3 0 35 0 1727 113 5
1406834847 63553 523418 128311 150073 5 1360 414965 3536 20517 1 32 0 1232 3 0 35 0 1727 113 5
1406835243 63563 523418 128311 150073 5 1360 414965 3536 20517 1 32 0 1232 3 0 35 0 1727 113 5
1406835506 63564 523418 128311 150073 5 1360 414965 3536 20517 1 32 0 1232 3 0 35 0 1727 113 5
1406835578 63564 523418 128311 150073 5 1360 414965 3536 20517 1 32 0 1232 3 0 35 0 1727 113 5
1406842561 63564 523418 128311 150073 5 1360 414965 3536 20517 1 32 0 1232 3 0 35 0 1727 113 5
1406843881 63565 523418 128311 150073 5 1360 414965 3536 20517 1 32 0 1232 3 0 35 0 1727 113 5
1406844839 63565 523418 128311 150073 5 1360 414965 3536 20517 1 32 0 1232 3 0 35 0 1727 113 5
1406887447 63948 523418 128311 150073 5 1360 414965 3536 20517 1 32 0 1232 3 0 35 0 1727 113 5
1406892684 64753 523418 128311 150073 5 1360 414965 3536 20517 1 32 0 1232 3 0 35 0 1727 113 5
1406893712 64753 523418 128311 150073 5 1360 414965 3536 20517 1 32 0 1232 3 0 35 0 1727 113 5
1406893746 64754 523418 128311 150073 5 1360 414965 3536 20517 1 32 0 1232 3 0 35 0 1727 113 5
1406894072 64755 523418 128311 150073 5 1360 414965 3536 20517 1 32 0 1232 3 0 35 0 1727 113 5
1406911028 64761 523418 128311 150073 5 1360 414965 3536 20517 1 32 0 1232 3 0 35 0 1727 113 5
1406911149 64761 523418 128311 150073 5 1360 414965 3536 20517 1 32 0 1232 3 0 35 0 1727 113 5
1406911154 64762 523418 128311 150073 5 1360 414965 3536 20517 1 32 0 1232 3 0 35 0 1727 113 5
1406911598 64763 523418 128311 150073 5 1360 414965 3536 20517 1 32 0 1232 3 0 35 0 1727 113 5
1406915266 64818 523418 128311 150073 5 1360 414965 3536 20517 1 32 0 1232 3 0 35 0 1727 113 5
1406924774 64818 523557 128311 150073 5 1360 414965 3536 20517 1 32 0 1232 3 0 35 0 1727 113 5
1406924780 65074 523557 128311 150073 5 1360 414965 3536 20517 1 32 0 1232 3 0 35 0 1727 113 5
1406924817 65074 523557 128311 150073 5 1360 414965 3536 20517 1 32 0 1232 3 0 35 0 1727 113 5
1406924837 65075 523557 128311 150073 5 1360 414965 3536 20517 1 32 0 1232 3 0 35 0 1727 113 5
1406925937 65076 523557 128311 150073 5 1360 414965 3536 20517 1 32 0 1232 3 0 35 0 1727 113 5
1406926921 65094 523557 128311 150073 5 1360 414965 3536 20517 1 32 0 1232 3 0 35 0 1727 113 5
1407147299 65151 523557 128311 150073 5 1360 414965 3536 20517 1 32 0 1232 3 0 35 0 1727 113 5
1407181032 65192 523557 128311 150073 5 1360 414965 3536 20517 1 32 0 1232 3 0 35 0 1727 113 5
1407181142 65193 523557 128311 150073 5 1360 414965 3536 20517 1 32 0 1232 3 0 35 0 1727 113 5
1407262487 65246 523557 128311 150073 5 1360 414965 3536 20517 1 32 0 1232 3 0 35 0 1727 113 5
1407335005 65250 523557 128311 150073 5 1360 414965 3536 20517 1 32 0 1232 3 0 35 0 1727 113 5
1407359490 65255 523557 128311 150073 5 1360 414965 3536 20517 1 32 0 1232 3 0 35 0 1727 113 5
1407361113 65283 523557 128311 150073 5 1360 414965 3536 20517 1 32 0 1232 3 0 35 0 1727 113 5
1407452634 65283 523557 128311 150073 5 1360 414965 3536 20517 1 32 0 1232 3 0 35 0 1727 113 5
1407452673 65287 523557 128311 150073 5 1360 414965 3536 20517 1 32 0 1232 3 0 35 0 1727 113 5
1407454291 65287 523557 128311 150073 5 1360 414965 3536 20517 1 32 0 1232 3 0 35 0 1727 113 5
1407454401 65288 523557 128311 150073 5 1360 414965 3536 20517 1 32 0 1232 3 0 35 0 1727 113 5
1407456582 65293 523557 128311 150073 5 1360 414965 3536 20517 1 32 0 1232 3 0 35 0 1727 113 5
1407457463 65307 523557 128311 150073 5 1360 414965 3536 20517 1 32 0 1232 3 0 35 0 1727 113 5
1407460261 65313 523557 128311 150073 5 1360 414965 3536 20517 1 32 0 1232 3 0 35 0 1727 113 5
1407783612 65314 523557 128311 150073 5 1360 414965 3536 20517 1 32 0 1232 3 0 35 0 1727 113 5
1407795981 65314 523798 128311 150073 5 1360 414965 3536 20517 1 32 0 1232 3 0 35 0 1727 113 5
1407877201 65314 524207 128311 150073 5 1360 414965 3536 20517 1 32 0 1232 3 0 35 0 1727 113 5
1407878457 65314 524211 128311 150073 5 1360 414965 3536 20517 1 32 0 1232 3 0 35 0 1727 113 5
1407941992 65314 524211 128311 150073 5 1360 414965 3536 20517 1 32 0 1232 3 0 35 0 1727 113 5
1407942024 65314 524212 128311 150073 5 1360 414965 3536 20517 1 32 0 1232 3 0 35 0 1727 113 5
1408134594 65314 524212 128311 150073 5 1360 414965 3536 20517 1 32 12 1232 3 0 35 0 1727 113 5
1408136539 65314 524212 128311 150073 5 1360 414965 3536 20517 1 32 15 1232 3 0 35 0 1727 113 5
1408143300 65314 524219 128311 150073 5 1360 414965 3536 20517 1 32 15 1232 3 0 35 0 1727 113 5
1408463158 65314 524773 128311 150073 5 1360 414965 3536 20517 1 32 15 1232 3 0 35 0 1727 113 5
1408463870 65314 524781 128311 150073 5 1360 414965 3536 20517 1 32 15 1232 3 0 35 0 1727 113 5
1408475260 65314 524781 128311 150073 5 1360 414965 3536 20517 1 32 15 1232 3 0 35 0 1727 113 5
1408475360 65314 524781 128311 150073 5 1360 414965 3536 20517 1 32 15 1232 3 0 35 0 1727 113 5
1408479954 65314 524782 128311 150073 5 1360 414965 3536 20517 1 32 15 1232 3 0 35 0 1727 113 5
1408483576 65314 524783 128311 150073 5 1360 414965 3536 20517 1 32 15 1232 3 0 35 0 1727 113 5
1408484107 65314 524784 128311 150073 5 1360 414965 3536 20517 1 32 15 1232 3 0 35 0 1727 113 5
1408485156 65314 524785 128311 150073 5 1360 414965 3536 20517 1 32 15 1232 3 0 35 0 1727 113 5
1408486348 65314 524804 128311 150073 5 1360 414965 3536 20517 1 32 15 1232 3 0 35 0 1727 113 5
1408563421 65314 524809 128311 150073 5 1360 414965 3536 20517 1 32 15 1232 3 0 35 0 1727 113 5
1408631315 65314 524830 128311 150073 5 1360 414965 3536 20517 1 32 15 1232 3 0 35 0 1727 113 5
1408645730 65314 524856 128311 150073 5 1360 414965 3536 20517 1 32 15 1232 3 0 35 0 1727 113 5
1408975689 65314 524857 128311 150073 5 1360 414965 3536 20517 1 32 15 1232 3 0 35 0 1727 113 5
1408976346 65314 524858 128311 150073 5 1360 414965 3536 20517 1 32 15 1232 3 0 35 0 1727 113 5
1408989455 65314 524858 128311 150073 5 1360 414965 3536 20517 1 32 25 1232 3 0 35 0 1727 113 5
1409002143 65314 524858 128311 150073 5 1360 414965 3536 20517 1 32 25 1232 3 0 35 0 1727 113 5
1409059613 65314 524858 128311 150073 5 1360 414965 3536 20517 1 32 27 1232 3 0 35 0 1727 113 5
1409062861 65314 524858 128311 150073 5 1360 414965 3536 20517 1 32 27 1232 3 0 35 0 1727 113 5
1409072845 65314 524860 128311 150073 5 1360 414965 3536 20517 1 32 27 1232 3 0 35 0 1727 113 5
1409072862 65314 524860 128311 150073 5 1360 414965 3536 20517 1 32 27 1232 3 0 35 0 1727 113 5
1409079500 65314 524860 128311 150073 5 1360 414979 3536 20517 1 32 27 1232 3 0 35 0 1727 113 5
1409138497 65314 524860 128311 150073 5 1360 414979 3536 20517 1 32 27 1232 3 0 35 0 1727 113 5
1409246936 65314 524937 128311 150073 5 1360 414979 3536 20517 1 32 27 1232 3 0 35 0 1727 113 5
1409514813 65326 524937 128311 150073 5 1360 414979 3536 20517 1 32 27 1232 3 0 35 0 1727 113 5
1409514917 65330 524937 128311 150073 5 1360 414979 3536 20517 1 32 27 1232 3 0 35 0 1727 113 5
1409515414 65331 524937 128311 150073 5 1360 414979 3536 20517 1 32 27 1232 3 0 35 0 1727 113 5
1409516877 65347 524937 128311 150073 5 1360 414979 3536 20517 1 32 27 1232 3 0 35 0 1727 113 5
1409520939 65357 524937 128311 150073 5 1360 414979 3536 20517 1 32 27 1232 3 0 35 0 1727 113 5
1409575062 65367 524937 128311 150073 5 1360 414979 3536 20517 1 32 27 1232 3 0 35 0 1727 113 5
1409582366 65367 524937 128311 150073 5 1361 414979 3536 20517 1 32 27 1232 3 0 35 0 1727 113 5
1409590106 65374 524937 128311 150073 5 1361 414979 3536 20517 1 32 27 1232 3 0 35 0 1727 113 5
1409643081 65404 524937 128311 150073 5 1361 414979 3536 20517 1 32 27 1232 3 0 35 0 1727 113 5
1409676102 65404 524938 128311 150073 5 1361 414979 3536 20517 1 32 27 1232 3 0 35 0 1727 113 5
1409736272 65430 524938 128311 150073 5 1361 414979 3536 20517 1 32 27 1232 3 0 35 0 1727 113 5
1409736422 65430 524938 128311 150073 5 1361 414979 3536 20517 1 32 27 1232 3 0 35 0 1727 113 5
1409941842 65430 524943 128311 150073 5 1361 414979 3536 20517 1 32 27 1232 3 0 35 0 1727 113 5
1409946851 65430 524950 128311 150073 5 1361 414979 3536 20517 1 32 27 1232 3 0 35 0 1727 113 5
1410280831 65927 524950 128311 150073 5 1361 414979 3536 20517 1 32 27 1232 3 0 35 0 1727 113 5
1410291513 65927 524950 128311 150073 5 1362 414979 3536 20517 1 32 27 1232 3 0 35 0 1727 113 5
1410533451 65927 524950 128311 150073 5 1370 414979 3536 20517 1 32 27 1232 3 0 35 0 1727 113 5
1410534188 65927 524950 128311 150073 5 1371 414979 3536 20517 1 32 27 1232 3 0 35 0 1727 113 5
1410534240 65927 524950 128311 150073 5 1371 414979 3536 20517 1 32 27 1232 3 0 35 0 1727 113 5
1410733109 65927 524953 128311 150073 5 1371 414979 3536 20517 1 32 27 1232 3 0 35 0 1727 113 5
1410801506 65927 524956 128311 150073 5 1371 414979 3536 20517 1 32 27 1232 3 0 35 0 1727 113 5
1410811617 65927 524981 128311 150073 5 1371 414979 3536 20517 1 32 27 1232 3 0 35 0 1727 113 5
1410887712 65927 525020 128311 150073 5 1371 414979 3536 20517 1 32 27 1232 3 0 35 0 1727 113 5
1410897415 66099 525020 128311 150073 5 1371 414979 3536 20517 1 32 27 1232 3 0 35 0 1727 113 5
1410955762 66099 525020 128311 150073 5 1371 414979 3536 20517 1 32 27 1232 3 0 35 0 1727 113 5
1410999590 66099 525159 128311 150073 5 1371 414979 3536 20517 1 32 27 1232 3 0 35 0 1727 113 5
1411000052 66099 525159 128311 150073 5 1371 414979 3536 20517 1 32 27 1232 3 0 35 0 1727 113 5
1411003380 66099 525162 128311 150073 5 1371 414979 3536 20517 1 32 27 1232 3 0 35 0 1727 113 5
1411009036 66099 525168 128311 150073 5 1371 414979 3536 20517 1 32 27 1232 3 0 35 0 1727 113 5
1411009750 66099 525170 128311 150073 5 1371 414979 3536 20517 1 32 27 1232 3 0 35 0 1727 113 5
1411038147 66134 525170 128311 150073 5 1371 414979 3536 20517 1 32 27 1232 3 0 35 0 1727 113 5
1411038268 66134 525170 128311 150073 5 1371 414979 3536 20517 1 32 27 1232 3 0 35 0 1727 113 5
1411038533 95506 525170 128311 150073 5 1371 414979 3536 20517 1 32 27 1232 3 0 35 0 1727 113 5
1411052905 95506 525174 128311 150073 5 1371 414979 3536 20517 1 32 27 1232 3 0 35 0 1727 113 5
1411053334 95506 525175 128311 150073 5 1371 414979 3536 20517 1 32 27 1232 3 0 35 0 1727 113 5
1411054106 95506 525177 128311 150073 5 1371 414979 3536 20517 1 32 27 1232 3 0 35 0 1727 113 5
1411054131 95506 525178 128311 150073 5 1371 414979 3536 20517 1 32 27 1232 3 0 35 0 1727 113 5
1411054167 95506 525178 128311 150073 5 1371 414979 3536 20517 1 32 27 1232 3 0 35 0 1727 113 5
1411119219 95508 525178 128311 150073 5 1371 414979 3536 20517 1 32 27 1232 3 0 35 0 1727 113 5
1411119848 95515 525178 128311 150073 5 1371 414979 3536 20517 1 32 27 1232 3 0 35 0 1727 113 5
1411149081 95515 525178 128311 150073 5 1372 414979 3536 20517 1 32 27 1232 3 0 35 0 1727 113 5
1411209244 95515 525292 128311 150073 5 1372 414979 3536 20517 1 32 27 1232 3 0 35 0 1727 113 5
1411209262 95515 525292 128311 150073 5 1372 414979 3536 20517 1 32 27 1232 3 0 35 0 1727 113 5
1411210251 95515 525293 128311 150073 5 1372 414979 3536 20517 1 32 27 1232 3 0 35 0 1727 113 5
1411386513 95515 525293 128311 150073 5 1372 414979 3536 20517 1 32 27 1232 3 0 35 0 1727 113 5
1411391786 95515 525293 128311 150073 5 1372 414979 3536 20517 9 32 27 1232 3 0 35 0 1727 113 5
1411391987 95515 525293 128311 150073 5 1372 414979 3536 20517 18 32 27 1232 3 0 35 0 1727 113 5
1411501200 95515 525298 128311 150073 5 1372 414979 3536 20517 18 32 27 1232 3 0 35 0 1727 113 5
1411501210 95515 525298 128311 150073 5 1372 414979 3536 20517 18 32 27 1232 3 0 35 0 1727 113 5
1412083284 95647 525298 128311 150073 5 1372 414979 3536 20517 18 32 27 1232 3 0 35 0 1727 113 5
1412690111 95649 525298 128311 150073 5 1372 414979 3536 20517 18 32 27 1232 3 0 35 0 1727 113 5
1412785112 95649 525301 128311 150073 5 1372 414979 3536 20517 18 32 27 1232 3 0 35 0 1727 113 5
1412785127 95649 525301 128311 150073 5 1372 414979 3536 20517 18 32 27 1232 3 0 35 0 1727 113 5
1412790359 95649 525305 128311 150073 5 1372 414979 3536 20517 18 32 27 1232 3 0 35 0 1727 113 5
1413213819 95649 525312 128311 150073 5 1372 414979 3536 20517 18 32 27 1232 3 0 35 0 1727 113 5
1413227436 95649 525312 128311 150073 6 1372 414979 3536 20517 18 32 27 1232 3 0 35 0 1727 113 5
1413238789 95687 525312 128311 150073 6 1372 414979 3536 20517 18 32 27 1232 3 0 35 0 1727 113 5
1413242641 95882 525312 128311 150073 6 1372 414979 3536 20517 18 32 27 1232 3 0 35 0 1727 113 5
1413314758 95882 525313 128311 150073 6 1372 414979 3536 20517 18 32 27 1232 3 0 35 0 1727 113 5
1413316685 95882 525313 128311 150073 6 1372 414979 3536 20517 18 32 27 1232 3 0 35 0 1727 113 5
1413389805 95883 525313 128311 150073 6 1372 414979 3536 20517 18 32 27 1232 3 0 35 0 1727 113 5
1413466988 95949 525313 128311 150073 6 1372 414979 3536 20517 18 32 27 1232 3 0 35 0 1727 113 5
1413467316 95949 525313 128311 150073 6 1372 414979 3536 20517 18 32 27 1232 3 0 35 0 1727 113 5
1413468751 95950 525313 128311 150073 6 1372 414979 3536 20517 18 32 27 1232 3 0 35 0 1727 113 5
1413471393 95983 525313 128311 150073 6 1372 414979 3536 20517 18 32 27 1232 3 0 35 0 1727 113 5
1413487089 95998 525313 128311 150073 6 1372 414979 3536 20517 18 32 27 1232 3 0 35 0 1727 113 5
1413585335 96005 525313 128311 150073 6 1372 414979 3536 20517 18 32 27 1232 3 0 35 0 1727 113 5
1413755378 96043 525313 128311 150073 6 1372 414979 3536 20517 18 32 27 1232 3 0 35 0 1727 113 5
1413843849 96200 525313 128311 150073 6 1372 414979 3536 20517 18 32 27 1232 3 0 35 0 1727 113 5
1413844125 96203 525313 128311 150073 6 1372 414979 3536 20517 18 32 27 1232 3 0 35 0 1727 113 5
1413852601 96215 525313 128311 150073 6 1372 414979 3536 20517 18 32 27 1232 3 0 35 0 1727 113 5
1413976186 96216 525313 128311 150073 6 1372 414979 3536 20517 18 32 27 1232 3 0 35 0 1727 113 5
1413976260 96237 525313 128311 150073 6 1372 414979 3536 20517 18 32 27 1232 3 0 35 0 1727 113 5
1414067637 96272 525313 128311 150073 6 1372 414979 3536 20517 18 32 27 1232 3 0 35 0 1727 113 5
1414075270 96272 525333 128311 150073 6 1372 414979 3536 20517 18 32 27 1232 3 0 35 0 1727 113 5
1414075428 96272 525339 128311 150073 6 1372 414979 3536 20517 18 32 27 1232 3 0 35 0 1727 113 5
1414102914 96287 525339 128311 150073 6 1372 414979 3536 20517 18 32 27 1232 3 0 35 0 1727 113 5
1414959970 96306 525339 128311 150073 6 1372 414979 3536 20517 18 32 27 1232 3 0 35 0 1727 113 5
1415026651 96306 525339 128311 150073 6 1380 414979 3536 20517 18 32 27 1232 3 0 35 0 1727 113 5
1415028975 96306 525339 128311 150073 6 1384 414979 3536 20517 18 32 27 1232 3 0 35 0 1727 113 5
1415050832 96306 525434 128311 150073 6 1384 414979 3536 20517 18 32 27 1232 3 0 35 0 1727 113 5
1415779718 96308 525434 128311 150073 6 1384 414979 3536 20517 18 32 27 1232 3 0 35 0 1727 113 5
1416507058 96815 525434 128311 150073 6 1384 414979 3536 20517 18 32 27 1232 3 0 35 0 1727 113 5
1416729444 96825 525434 128311 150073 6 1384 414979 3536 20517 18 32 27 1232 3 0 35 0 1727 113 5
1416729475 96826 525434 128311 150073 6 1384 414979 3536 20517 18 32 27 1232 3 0 35 0 1727 113 5
1421163999 96827 525434 128311 150073 6 1384 414979 3536 20517 18 32 27 1232 3 0 35 0 1727 113 5
1421167641 96830 525434 128311 150073 6 1384 414979 3536 20517 18 32 27 1232 3 0 35 0 1727 113 5
1421169431 96905 525434 128311 150073 6 1384 414979 3536 20517 18 32 27 1232 3 0 35 0 1727 113 5
1421263110 96906 525434 128311 150073 6 1384 414979 3536 20517 18 32 27 1232 3 0 35 0 1727 113 5
1421293428 97128 525434 128311 150073 6 1384 414979 3536 20517 18 32 27 1232 3 0 35 0 1727 113 5
1421293573 97171 525434 128311 150073 6 1384 414979 3536 20517 18 32 27 1232 3 0 35 0 1727 113 5
1421293856 97171 525434 128311 150073 6 1384 414979 3536 20517 18 32 27 1232 3 0 35 0 1727 113 5
1421858110 97222 525434 128311 150073 6 1384 414979 3536 20517 18 32 27 1232 3 0 35 0 1727 113 5
1421858732 97225 525434 128311 150073 6 1384 414979 3536 20517 18 32 57 1232 3 0 35 0 1727 113 5
1422282058 97267 525434 128311 150073 6 1384 414979 3536 20517 18 32 57 1232 3 0 35 0 1727 113 5
1422282206 97270 525434 128311 150073 6 1384 414979 3536 20517 18 32 57 1232 3 0 35 0 1727 113 5
1422282934 97275 525434 128311 150073 6 1384 414979 3536 20517 18 32 57 1232 3 0 35 0 1727 113 5
1422283469 97275 525434 128311 150073 6 1384 414979 3536 20517 18 32 57 1232 3 0 35 0 1727 113 5
1422307198 97275 525434 128311 150073 6 1384 414979 3536 20517 18 32 57 1232 3 0 35 0 1727 113 5
1422307581 97281 525434 128311 150073 6 1384 414979 3536 20517 18 32 57 1232 3 0 35 0 1727 113 5
1422309970 97281 525434 128311 150073 6 1384 414979 3536 20517 18 32 57 1232 3 0 35 0 1727 113 5
1422382549 97283 525434 128311 150073 6 1384 414979 3536 20517 18 32 57 1232 3 0 35 0 1727 113 5
1422394759 97283 525434 128311 150073 6 1384 414979 3536 20517 18 32 57 1232 3 0 35 0 1727 113 5
1422396034 97283 525434 128311 150073 9 1384 414979 3536 20517 18 32 57 1232 3 0 35 0 1727 113 5
1422397751 97283 525434 128311 150073 9 1384 414979 3536 20517 18 32 57 1232 3 0 35 0 1727 113 5
1422464941 97283 525434 128311 150073 9 1384 414979 3536 20517 18 32 57 1232 3 0 35 0 1727 113 5
1422471802 97283 525434 128311 150073 29788 1384 414979 3536 20517 18 32 57 1232 3 0 35 0 1727 113 5
1422473252 126920 525434 128311 150073 29788 1384 414979 3536 20517 18 32 57 1232 3 0 35 0 1727 113 5
1422891516 126925 525434 128311 150073 29788 1384 414979 3536 20517 18 32 57 1232 3 0 35 0 1727 113 5
1422897253 126971 525434 128311 150073 29788 1384 414979 3536 20517 18 32 57 1232 3 0 35 0 1727 113 5
1423063827 126971 525434 128311 150073 29788 1386 414979 3536 20517 18 32 57 1232 3 0 35 0 1727 113 5
1423064777 126971 525434 128311 150073 29797 1386 414979 3536 20517 18 32 57 1232 3 0 35 0 1727 113 5
1423064915 126971 525434 128311 150073 29797 1386 414979 3536 20517 18 32 57 1232 3 0 35 0 1727 113 5
1423142927 126972 525434 128311 150073 29797 1386 414979 3536 20517 18 32 57 1232 3 0 35 0 1727 113 5
1423734462 126972 525434 128311 150073 29799 1386 414979 3536 20517 18 32 57 1232 3 0 35 0 1727 113 5
1423734589 126972 525434 128311 150073 29802 1386 414979 3536 20517 18 32 57 1232 3 0 35 0 1727 113 5
1423743953 126972 525434 128311 150073 59606 1386 414979 3536 20517 18 32 57 1232 3 0 35 0 1727 113 5
1423745402 126972 525434 128311 150073 59620 1386 414979 3536 20517 18 32 57 1232 3 0 35 0 1727 113 5
1423747124 126972 525434 128311 150073 69978 1386 414979 3536 20517 18 32 57 1232 3 0 35 0 1727 113 5
1423752930 126972 525434 128311 150073 69983 1386 414979 3536 20517 18 32 57 1232 3 0 35 0 1727 113 5
1423756519 126972 525434 128311 150073 69984 1386 414979 3536 20517 18 32 57 1232 3 0 35 0 1727 113 5
1423842168 126972 525434 128311 150073 69984 1386 414979 3536 20517 18 32 57 1232 3 0 35 0 1727 113 5
1423842199 126972 525434 128311 150073 69984 1386 414979 3536 20517 18 32 57 1232 3 0 35 0 1727 113 5
1424705145 126972 526008 128311 150073 69984 1386 414979 3536 20517 18 32 57 1232 3 0 35 0 1727 113 5
1425573912 126972 526008 128311 150073 69984 1386 414979 3536 20517 18 32 57 1232 3 0 35 3 1727 113 5
1425574118 126972 526008 128311 150073 69984 1386 414979 3536 20517 18 32 57 1232 3 0 35 8 1727 113 5
1425576448 126972 526008 128311 150073 69984 1386 414979 3536 20517 18 32 57 1232 3 0 35 8 1727 113 5
1425576514 126972 526008 128311 150073 69985 1386 414979 3536 20517 18 32 57 1232 3 0 35 8 1727 113 5
1425576583 126972 526008 128311 150073 69986 1386 414979 3536 20517 18 32 57 1232 3 0 35 8 1727 113 5
1425577968 126972 526008 128311 150073 69986 1386 414979 3536 20517 18 32 57 1232 3 0 35 8 1727 113 5
1425588281 126972 526009 128311 150073 69986 1386 414979 3536 20517 18 32 57 1232 3 0 35 8 1727 113 5
1425588297 126972 526009 128311 150073 69986 1386 414979 3536 20517 18 32 57 1232 3 0 35 8 1727 113 5
1425991275 126972 526009 128311 150073 69989 1386 414979 3536 20517 18 32 57 1232 3 0 35 8 1727 113 5
1425997042 126972 526009 128311 150073 70006 1386 414979 3536 20517 18 32 57 1232 3 0 35 8 1727 113 5
1426619505 126972 526009 128311 150073 70006 1390 414979 3536 20517 18 32 57 1232 3 0 35 8 1727 113 5
1426619711 126972 526009 128311 150073 70006 1391 414979 3536 20517 18 32 57 1232 3 0 35 8 1727 113 5
1426795949 126972 526009 128311 150073 70007 1391 414979 3536 20517 18 32 57 1232 3 0 35 8 1727 113 5
1426799764 126972 526009 128311 150073 70224 1391 414979 3536 20517 18 32 57 1232 3 0 35 8 1727 113 5
1426874862 126972 526009 128311 150073 70224 1391 414979 3536 20517 18 32 57 1232 3 0 35 8 1727 113 5
1426875136 126972 526009 128311 150073 70224 1391 414979 3536 20517 18 32 57 1232 3 0 35 8 1727 113 5
1426875151 126972 526009 128311 150073 70224 1391 414979 3536 20517 18 32 57 1232 3 0 35 8 1727 113 5
1426875562 126972 526009 128311 150073 70224 1391 414979 3536 20517 18 32 57 1232 3 0 35 8 1727 113 5
1427096333 126972 526009 128311 150073 70226 1391 414979 3536 20517 18 32 57 1232 3 0 35 8 1727 113 5
1427096403 126972 526009 128311 150073 70226 1391 414979 3536 20517 18 32 57 1232 3 0 35 8 1727 113 5
1427127853 126972 526009 128311 150073 70226 1392 414979 3536 20517 18 32 57 1232 3 0 35 8 1727 113 5
1427214109 126972 526009 128311 150073 70252 1392 414979 3536 20517 18 32 57 1232 3 0 35 8 1727 113 5
1427727284 156662 526009 128311 150073 70252 1392 414979 3536 20517 18 32 57 1232 3 0 35 8 1727 113 5
1427910513 156662 526044 128311 150073 70252 1392 414979 3536 20517 18 32 57 1232 3 0 35 8 1727 113 5
1427910528 156662 526044 128311 150073 70252 1392 414979 3536 20517 18 32 57 1232 3 0 35 8 1727 113 5
1427915313 156662 526044 128311 150073 70252 1392 414979 3536 20517 18 32 57 1232 3 0 35 8 1727 113 5
1428003704 156662 526044 128311 150073 70252 1393 414979 3536 20517 18 32 57 1232 3 0 35 8 1727 113 5
1428003781 156662 526044 128311 150073 70252 1395 414979 3536 20517 18 32 57 1232 3 0 35 8 1727 113 5
1429197927 156662 526044 128311 150073 70252 1395 414979 3536 20517 18 32 57 1232 3 0 35 8 1727 113 5
1429204465 156662 526044 128311 150073 70252 1397 414979 3536 20517 18 32 57 1232 3 0 35 8 1727 113 5
1430421464 156662 526045 128311 150073 70252 1397 414979 3536 20517 18 32 57 1232 3 0 35 8 1727 113 5
1430859841 156662 526045 128311 150073 70252 1398 414979 3536 20517 18 32 57 1232 3 0 35 8 1727 113 5
1430860930 156662 526045 128311 150073 70252 1398 414979 3536 20517 18 32 57 1232 3 0 35 8 1727 113 5
