1369550719 32041
1369586217 32041
1369633396 32051
1369714720 71930
1369718096 65335
1369760131 66223
1369760318 66226
1369795129 26361
1369799411 26361
1369799982 26361
1369800163 26361
1369800272 26361
1369800509 26361
1369800639 26361
1369800766 26361
1369805905 26361
1369807333 26361
1369808880 26361
1369821600 52655
1369821720 26345
1369822139 26345
1369822193 26345
1369822821 26343
1371062540 13589
1371062716 13589
1371062972 13592
1371063888 13595
1372359743 13608
1372360271 13611
1375303047 13627
1375390251 13628
1375914255 62679
1377557596 76601
1379265533 76609
1379266770 76609
1380910085 55225
1381868108 54912
1382478380 54912
1382478645 54914
1382479394 54914
1382594871 54917
1385149157 54917
1387568850 464351
1398888759 488560
1398892060 489040
1398894191 489040
1410534240 493319
1410733109 493317
1426875136 494919
1427127853 494919
1430860930 495315
