1360420282 0 0 0 0 0 0 0 0 0 0 0
1360420400 0 0 0 0 0 0 2456 0 0 0 0
1360462899 3 0 0 0 0 0 2456 0 0 0 0
1360681754 3 0 0 0 0 0 2456 0 0 0 0
1360899194 117 0 0 0 0 0 2456 0 0 0 0
1360953351 1446 0 0 0 0 0 2456 0 0 0 0
1360970919 1575 0 0 0 0 0 2456 0 0 0 0
1361912771 1600 0 0 0 0 0 2456 0 0 0 0
1362184414 6128 0 0 0 0 0 2456 0 0 0 0
1362184784 6128 0 0 0 0 0 2456 0 0 0 0
1362185259 6146 0 0 0 0 0 2456 0 0 0 0
1363031166 6665 0 0 0 0 0 2456 0 0 0 0
1363104937 6666 0 0 0 0 0 2456 0 0 0 0
1363877314 6673 0 0 0 0 0 2456 0 0 0 0
1363886413 6731 0 0 0 0 0 2456 0 0 0 0
1363889834 6732 0 0 0 0 0 2456 0 0 0 0
1363950288 6732 1 0 0 0 0 2456 0 0 0 0
1363951375 6732 2 0 0 0 0 2456 0 0 0 0
1364314961 6733 2 0 0 0 0 2456 0 0 0 0
1364314995 6733 2 0 0 0 0 2456 0 0 0 0
1364921268 9897 2 0 0 0 0 2456 0 0 0 0
1364921355 9897 2 0 0 0 0 2456 0 0 0 0
1365544391 9898 2 0 0 0 0 2456 0 0 0 0
1365544824 9898 2 0 0 0 0 2456 0 0 0 0
1366398344 10421 2 0 0 0 0 2456 0 0 0 0
1366488780 11192 2 0 0 0 0 2456 0 0 0 0
1367001329 11192 2 0 0 0 0 2456 0 0 0 17
1367539463 11193 2 0 0 0 0 2456 0 0 0 17
1367539624 11193 2 0 0 0 0 2456 0 0 0 17
1369261197 11237 2 0 0 0 0 2456 0 0 0 17
1370403447 11308 2 0 0 0 0 2456 0 0 0 17
1370491044 13904 2 0 0 0 0 2456 0 0 0 17
1371059854 14087 2 0 0 0 0 2456 0 0 0 17
1371098429 14087 2 0 17 0 0 2456 0 0 0 17
1371137124 14106 2 0 17 0 0 2456 0 0 0 17
1371141719 14108 2 0 17 0 0 2456 0 0 0 17
1371670833 14109 2 0 17 0 0 2456 0 0 0 17
1372087997 14110 2 0 17 0 0 2456 0 0 0 17
1372088190 14110 2 0 17 0 0 2456 0 0 0 17
1372288372 14425 2 0 17 0 0 2456 0 0 0 17
1373301410 14426 2 0 17 0 0 2456 0 0 0 17
1373301498 14426 2 0 17 0 0 2456 0 0 0 17
1373668262 14430 2 0 17 0 0 2456 0 0 0 17
1373670969 14488 2 0 17 0 0 2456 0 0 0 17
1374956738 15012 2 0 17 0 0 2456 0 0 0 17
1375131927 15083 2 0 17 0 0 2456 0 0 0 17
1375713163 15083 2 0 17 0 0 2456 0 0 4 17
1377035107 15163 2 0 17 0 0 2456 0 0 4 17
1377109622 15183 2 0 17 0 0 2456 0 0 4 17
1377291412 15203 2 0 17 0 0 2456 0 0 4 17
1377535638 15203 2 0 17 0 0 2456 0 0 4 17
1377535692 15203 2 0 17 0 0 2456 0 0 4 17
1380827753 15203 2 0 34 0 0 2456 0 0 4 17
1381155349 15203 4 0 34 0 0 2456 0 0 4 17
1381156073 15203 4 0 34 0 0 2456 0 0 4 17
1381156708 15207 4 0 34 0 0 2456 0 0 4 17
1381157953 15277 4 0 34 0 0 2456 0 0 4 17
1381159626 15277 4 0 34 0 0 2456 0 0 4 17
1381764902 15280 4 0 34 0 0 2456 0 0 4 17
1381765050 15280 4 0 34 0 0 2456 0 0 4 17
1381765113 15280 4 0 34 0 0 2456 0 0 4 17
1381866935 15280 4 0 34 0 0 2456 0 0 4 17
1382054651 15808 4 0 34 0 0 2456 0 0 4 17
1382186804 15808 8 0 34 0 0 2456 0 0 4 17
1382200643 15808 32 0 34 0 0 2456 0 0 4 17
1382202604 15808 40 0 34 0 0 2456 0 0 4 17
1382203259 15808 89 0 34 0 0 2456 0 0 4 17
1382220463 15808 90 0 34 0 0 2456 0 0 4 17
1382442239 15808 104 0 34 0 0 2456 0 0 4 17
1382466789 15808 105 0 34 0 0 2456 0 0 4 17
1382886997 15808 109 0 34 0 0 2456 0 0 4 17
1383914404 15808 113 0 34 0 0 2456 0 0 4 17
1383921080 15808 114 0 34 0 0 2456 0 0 4 17
1384113772 15808 134 0 34 0 0 2456 0 0 4 17
1384114270 15808 136 0 34 0 0 2456 0 0 4 17
1384114305 15808 136 0 34 0 0 2456 0 0 4 17
1384802194 21377 136 0 34 0 0 2456 0 0 4 17
1385258151 21800 136 0 34 0 0 2456 0 0 4 17
1385400595 21833 136 0 34 0 0 2456 0 0 4 17
1385409491 21833 136 0 38 0 0 2456 0 0 4 17
1385425251 21833 173 0 38 0 0 2456 0 0 4 17
1385425493 21833 173 0 38 0 0 2456 0 0 4 17
1385488641 21833 175 0 38 0 0 2456 0 0 4 17
1385506779 21833 175 0 39 0 0 2456 0 0 4 17
1385542760 21833 210 0 39 0 0 2456 0 0 4 17
1385542926 21833 210 0 39 0 0 2456 0 0 4 17
1385542983 21833 212 0 39 0 0 2456 0 0 4 17
1385555939 21833 213 0 39 0 0 2456 0 0 4 17
1385596385 21833 219 0 39 0 0 2456 0 0 4 17
1385642817 21833 224 0 39 0 0 2456 0 0 4 17
1386083353 21834 224 0 39 0 0 2456 0 0 4 17
1386083730 21834 224 0 39 0 0 2456 0 0 4 17
1386086111 21834 224 0 39 0 0 2456 0 0 4 17
1386541307 21834 929 0 39 0 0 2456 0 0 4 17
1386589479 21834 1021 0 39 0 0 2456 0 0 4 17
1386591782 21834 1025 0 39 0 0 2456 0 0 4 17
1386735053 21838 1025 0 39 0 0 2456 0 0 4 17
1386735445 21921 1025 0 39 0 0 2456 0 0 4 17
1387208582 21924 1025 0 39 0 0 2456 0 0 4 17
1387215358 22030 1025 0 39 0 0 2456 0 0 4 17
1387221187 22031 1025 0 39 0 0 2456 0 0 4 17
1387260352 22122 1025 0 39 0 0 2456 0 0 4 17
1387260934 22122 1025 0 39 0 0 2456 0 0 4 17
1387493003 22123 1025 0 39 0 0 2456 0 0 4 17
1387573888 22125 1025 0 39 0 0 2456 0 0 4 17
1387574257 22125 1025 0 39 0 0 2456 0 0 4 17
1388199380 22132 1025 0 39 0 0 2456 0 0 4 17
1389136001 22132 1032 0 39 0 0 2456 0 0 4 17
1389144493 22132 1032 0 42 0 0 2456 0 0 4 17
1389154630 22145 1032 0 42 0 0 2456 0 0 4 17
1389154714 22145 1032 0 46 0 0 2456 0 0 4 17
1389154784 22145 1032 0 46 0 0 2456 0 0 4 17
1389624586 22145 1034 0 46 0 0 2456 0 0 4 17
1389663219 22169 1034 0 46 0 0 2456 0 0 4 17
1390326778 22169 1034 0 48 0 0 2456 0 0 4 17
1390494148 22178 1034 0 48 0 0 2456 0 0 4 17
1391628090 22178 1034 0 49 0 0 2456 0 0 4 17
1394206527 22178 1036 0 49 0 0 2456 0 0 4 17
1394498061 22301 1036 0 49 0 0 2456 0 0 4 17
1394544008 22303 1036 0 49 0 0 2456 0 0 4 17
1394654432 22309 1036 0 49 0 0 2456 0 0 4 17
1394710860 22309 1044 0 49 0 0 2456 0 0 4 17
1394816496 22309 1044 0 54 0 0 2456 0 0 4 17
1394901557 22670 1044 0 54 0 0 2456 0 0 4 17
1394902894 46132 1044 0 54 0 0 2456 0 0 4 17
1394919439 46349 1044 0 54 0 0 2456 0 0 4 17
1395093737 46355 1044 0 54 0 0 2456 0 0 4 17
1395364906 46474 1044 0 54 0 0 2456 0 0 4 17
1395478751 46474 1045 0 54 0 0 2456 0 0 4 17
1395487694 46474 1047 0 54 0 0 2456 0 0 4 17
1395772010 46474 1047 0 54 0 0 2456 0 0 4 17
1396715830 46791 1047 0 54 0 0 2456 0 0 4 17
1396718424 46793 1047 0 54 0 0 2456 0 0 4 17
1397027236 46793 1049 0 54 0 0 2456 0 0 4 17
1397517891 46793 1049 0 66 0 0 2456 0 0 4 17
1397741122 46793 1049 1380 66 0 0 2456 0 0 4 17
1397956952 46793 1049 1380 66 0 37 2456 0 0 4 17
1397957353 46793 1049 1380 66 0 42 2456 0 0 4 17
1397957388 46793 1049 1380 66 0 43 2456 0 0 4 17
1398097952 46793 1049 1380 66 0 43 2456 0 0 4 17
1398620413 46793 1049 1380 66 0 43 2456 0 110 4 17
1398620461 46793 1049 1380 66 0 43 2456 0 110 4 17
1398739375 46793 1049 1380 66 0 43 2456 0 110 4 17
1398742365 46793 1049 1380 66 0 43 2456 0 110 4 17
1398743446 46800 1049 1380 66 0 43 2456 0 110 4 17
1398743918 46801 1049 1380 66 0 43 2456 0 110 4 17
1398905498 46801 1049 1380 66 0 43 2456 0 110 4 17
1398906006 46801 1049 1380 66 0 43 2456 0 110 4 17
1398906007 46801 1049 1380 66 0 43 2456 0 110 4 17
1399134136 46801 1049 1380 66 0 43 2456 0 110 4 17
1399134537 46801 1049 1380 66 0 43 2456 0 110 4 17
1399138657 46802 1049 1380 66 0 43 2456 0 110 4 17
1399146804 46803 1049 1380 66 0 43 2456 0 110 4 17
1399751233 47016 1049 1380 66 0 43 2456 0 110 4 17
1400611010 47016 1049 1380 68 0 43 2456 0 110 4 17
1401456023 47016 1049 1380 68 0 46 2456 0 110 4 17
1402357758 47016 1049 1380 68 0 46 2456 0 110 4 17
1402605076 47017 1049 1380 68 0 46 2456 0 110 4 17
1407168828 47017 1049 1381 68 0 46 2456 0 110 4 17
1407244544 47017 1051 1381 68 0 46 2456 0 110 4 17
1407460192 47017 1053 1381 68 0 46 2456 0 110 4 17
1410975549 47017 1054 1381 68 0 46 2456 0 110 4 17
1412677906 47017 1269 1381 68 0 46 2456 0 110 4 17
1412680016 47017 1270 1381 68 0 46 2456 0 110 4 17
1413390107 47017 1272 1381 68 0 46 2456 0 110 4 17
1413794059 47017 1274 1381 68 0 46 2456 0 110 4 17
1413800824 47017 1323 1381 68 0 46 2456 0 110 4 17
1413801002 47017 1323 1381 68 0 46 2456 0 110 4 17
1413821211 47017 1323 1381 68 0 46 2456 0 110 4 17
1413822035 47017 1393 1381 68 0 46 2456 0 110 4 17
1413976324 47017 1394 1381 68 0 46 2456 0 110 4 17
1414067963 47017 1395 1381 68 0 46 2456 0 110 4 17
1414067988 47017 1396 1381 68 0 46 2456 0 110 4 17
1414501375 47017 1398 1381 68 0 46 2456 0 110 4 17
1414510563 47017 1398 1381 68 0 46 2456 0 110 4 17
1414510602 47017 1399 1381 68 0 46 2456 0 110 4 17
1414510927 47017 1401 1381 68 0 46 2456 0 110 4 17
1414588533 47017 1428 1381 68 0 46 2456 0 110 4 17
1414594585 47017 1430 1381 68 0 46 2456 0 110 4 17
1414596878 47017 1438 1381 68 0 46 2456 0 110 4 17
1414598110 47017 1439 1381 68 0 46 2456 0 110 4 17
1414604937 47017 1487 1381 68 0 46 2456 0 110 4 17
1414605401 47017 1491 1381 68 0 46 2456 0 110 4 17
1414614421 47053 1491 1381 68 0 46 2456 0 110 4 17
1414622042 47053 1502 1381 68 0 46 2456 0 110 4 17
1414622284 47053 1502 1381 68 0 46 2456 0 110 4 17
1414622567 47053 1502 1381 68 0 46 2456 0 110 4 17
1414622839 47053 1503 1381 68 0 46 2456 0 110 4 17
1414623468 47053 1505 1381 68 0 46 2456 0 110 4 17
1414664472 47053 1505 1381 68 0 46 2456 0 110 4 17
1414664551 47053 1505 1381 68 0 46 2456 0 110 4 17
1414699386 47112 1505 1381 68 0 46 2456 0 110 4 17
1414952115 47112 1505 1381 68 0 46 2456 0 110 4 17
1415027973 47112 1505 1389 68 0 46 2456 0 110 4 17
1415028613 47112 1505 1393 68 0 46 2456 0 110 4 17
1415199339 47112 1507 1393 68 0 46 2456 0 110 4 17
1415666734 47112 1508 1393 68 0 46 2456 0 110 4 17
1415701840 47112 1509 1393 68 0 46 2456 0 110 4 17
1415704018 47112 1510 1393 68 0 46 2456 0 110 4 17
1416397301 47112 1511 1393 68 0 46 2456 0 110 4 17
1416475485 47112 1512 1393 68 0 46 2456 0 110 4 17
1416483230 47112 1725 1393 68 0 46 2456 0 110 4 17
1416483360 47112 1725 1393 68 0 46 2456 0 110 4 17
1416509298 47112 1727 1393 68 0 46 2456 0 110 4 17
1416867487 47112 1728 1393 68 0 46 2456 0 110 4 17
1417622739 47112 1730 1393 68 0 46 2456 0 110 4 17
1417650261 47112 1775 1393 68 0 46 2456 0 110 4 17
1417692880 47112 1775 1393 68 1 46 2456 0 110 4 17
1418376025 47112 1776 1393 68 1 46 2456 0 110 4 17
1418381440 47112 1777 1393 68 1 46 2456 0 110 4 17
1418424343 47112 1780 1393 68 1 46 2456 0 110 4 17
1418435257 47112 1781 1393 68 1 46 2456 0 110 4 17
1418852291 47112 1782 1393 68 1 46 2456 0 110 4 17
1418855025 47112 1783 1393 68 1 46 2456 0 110 4 17
1419612087 47112 1783 1395 68 1 46 2456 0 110 4 17
1420048155 47112 1783 1395 68 1 46 2456 0 110 4 17
1422352404 47112 1784 1395 68 1 46 2456 0 110 4 17
1423746535 47112 1784 1395 68 2 46 2456 0 110 4 17
1424188985 47112 1784 1397 68 2 46 2456 0 110 4 17
1424473817 47112 1786 1397 68 2 46 2456 0 110 4 17
1425405422 47112 1786 1397 68 2 47 2456 0 110 4 17
1425488658 47112 1786 1397 68 2 48 2456 0 110 4 17
1426410981 47112 1788 1397 68 2 48 2456 0 110 4 17
1426879719 47112 1788 1397 68 2 48 2456 0 110 4 17
1426879769 47112 1788 1399 68 2 48 2456 0 110 4 17
1427122030 47112 1788 1401 68 2 48 2456 0 110 4 17
1427123725 47112 1788 1403 68 2 48 2456 0 110 4 17
1427125434 47112 1788 1405 68 2 48 2456 0 110 4 17
1427125560 47112 1788 1405 68 2 48 2456 0 110 4 17
1427125578 47112 1788 1405 68 2 48 2456 0 110 4 17
1427727949 47112 1790 1405 68 2 48 2456 0 110 4 17
1428004757 47112 1790 1407 68 2 48 2456 0 110 4 17
1430862492 47112 1790 1409 68 2 48 2456 0 110 4 17
1430862737 47112 1790 1409 68 2 48 2456 0 110 4 17
1430862904 47112 1790 1411 68 2 48 2456 0 110 4 17
1430862914 47112 1790 1411 68 2 48 2456 0 110 4 17
