1343764288 0 0 0 0 0 0 0 0 0 0 1 0 0 0 0 0 0 0 0 0
1343846765 1 0 0 0 0 0 0 0 0 0 1 0 0 0 0 0 0 0 0 0
1343927815 2 0 0 0 0 0 0 0 0 0 1 0 0 0 0 0 0 0 0 0
1343950599 3 0 0 0 0 0 0 0 0 0 1 0 0 0 0 0 0 0 0 0
1344181742 4 0 0 0 0 0 0 0 0 0 1 0 0 0 0 0 0 0 0 0
1344196610 5 0 0 0 0 0 0 0 0 0 1 0 0 0 0 0 0 0 0 0
1344355461 6 0 0 0 0 0 0 0 0 0 1 0 0 0 0 0 0 0 0 0
1344358014 7 0 0 0 0 0 0 0 0 0 1 0 0 0 0 0 0 0 0 0
1344364719 8 0 0 0 0 0 0 0 0 0 1 0 0 0 0 0 0 0 0 0
1344368192 9 0 0 0 0 0 0 0 0 0 1 0 0 0 0 0 0 0 0 0
1345162368 10 0 0 0 0 0 0 0 0 0 1 0 0 0 0 0 0 0 0 0
1345164548 11 0 0 0 0 0 0 0 0 0 1 0 0 0 0 0 0 0 0 0
1345244584 12 0 0 0 0 0 0 0 0 0 1 0 0 0 0 0 0 0 0 0
1345412776 13 0 0 0 0 0 0 0 0 0 1 0 0 0 0 0 0 0 0 0
1345416179 14 0 0 0 0 0 0 0 0 0 1 0 0 0 0 0 0 0 0 0
1345417870 15 0 0 0 0 0 0 0 0 0 1 0 0 0 0 0 0 0 0 0
1345487792 16 0 0 0 0 0 0 0 0 0 1 0 0 0 0 0 0 0 0 0
1345499422 17 0 0 0 0 0 0 0 0 0 1 0 0 0 0 0 0 0 0 0
1345658513 18 0 0 0 0 0 0 0 0 0 1 0 0 0 0 0 0 0 0 0
1345659165 19 0 0 0 0 0 0 0 0 0 1 0 0 0 0 0 0 0 0 0
1345659293 20 0 0 0 0 0 0 0 0 0 1 0 0 0 0 0 0 0 0 0
1345659538 21 0 0 0 0 0 0 0 0 0 1 0 0 0 0 0 0 0 0 0
1345659604 22 0 0 0 0 0 0 0 0 0 1 0 0 0 0 0 0 0 0 0
1345659665 23 0 0 0 0 0 0 0 0 0 1 0 0 0 0 0 0 0 0 0
1345660003 24 0 0 0 0 0 0 0 0 0 1 0 0 0 0 0 0 0 0 0
1345660051 25 0 0 0 0 0 0 0 0 0 1 0 0 0 0 0 0 0 0 0
1345660121 26 0 0 0 0 0 0 0 0 0 1 0 0 0 0 0 0 0 0 0
1345661399 27 0 0 0 0 0 0 0 0 0 1 0 0 0 0 0 0 0 0 0
1345661491 28 0 0 0 0 0 0 0 0 0 1 0 0 0 0 0 0 0 0 0
1345661632 29 0 0 0 0 0 0 0 0 0 1 0 0 0 0 0 0 0 0 0
1345661669 30 0 0 0 0 0 0 0 0 0 1 0 0 0 0 0 0 0 0 0
1345671103 31 0 0 0 0 0 0 0 0 0 1 0 0 0 0 0 0 0 0 0
1345671202 32 0 0 0 0 0 0 0 0 0 1 0 0 0 0 0 0 0 0 0
1345671372 33 0 0 0 0 0 0 0 0 0 1 0 0 0 0 0 0 0 0 0
1345675216 34 0 0 0 0 0 0 0 0 0 1 0 0 0 0 0 0 0 0 0
1345675338 35 0 0 0 0 0 0 0 0 0 1 0 0 0 0 0 0 0 0 0
1345675732 36 0 0 0 0 0 0 0 0 0 1 0 0 0 0 0 0 0 0 0
1345675845 37 0 0 0 0 0 0 0 0 0 1 0 0 0 0 0 0 0 0 0
1345675921 38 0 0 0 0 0 0 0 0 0 1 0 0 0 0 0 0 0 0 0
1345676065 39 0 0 0 0 0 0 0 0 0 1 0 0 0 0 0 0 0 0 0
1345676233 40 0 0 0 0 0 0 0 0 0 1 0 0 0 0 0 0 0 0 0
1345676734 41 0 0 0 0 0 0 0 0 0 1 0 0 0 0 0 0 0 0 0
1345677184 42 0 0 0 0 0 0 0 0 0 1 0 0 0 0 0 0 0 0 0
1345677255 43 0 0 0 0 0 0 0 0 0 1 0 0 0 0 0 0 0 0 0
1345677342 44 0 0 0 0 0 0 0 0 0 1 0 0 0 0 0 0 0 0 0
1346102919 44 0 0 0 0 0 0 0 0 0 1 0 0 0 0 0 0 0 0 1
1346259307 45 0 0 0 0 0 0 0 0 0 1 0 0 0 0 0 0 0 0 1
1346452939 46 0 0 0 0 0 0 0 0 0 1 0 0 0 0 0 0 0 0 1
1346799226 47 0 0 0 0 0 0 0 0 0 1 0 0 0 0 0 0 0 0 1
1346801844 48 0 0 0 0 0 0 0 0 0 1 0 0 0 0 0 0 0 0 1
1346870301 49 0 0 0 0 0 0 0 0 0 1 0 0 0 0 0 0 0 0 1
1346872009 50 0 0 0 0 0 0 0 0 0 1 0 0 0 0 0 0 0 0 1
1346882022 51 0 0 0 0 0 0 0 0 0 1 0 0 0 0 0 0 0 0 1
1346882362 52 0 0 0 0 0 0 0 0 0 1 0 0 0 0 0 0 0 0 1
1346882476 53 0 0 0 0 0 0 0 0 0 1 0 0 0 0 0 0 0 0 1
1346883022 54 0 0 0 0 0 0 0 0 0 1 0 0 0 0 0 0 0 0 1
1346889721 55 0 0 0 0 0 0 0 0 0 1 0 0 0 0 0 0 0 0 1
1346963383 56 0 0 0 0 0 0 0 0 0 1 0 0 0 0 0 0 0 0 1
1346973001 57 0 0 0 0 0 0 0 0 0 1 0 0 0 0 0 0 0 0 1
1347305239 58 0 0 0 0 0 0 0 0 0 1 0 0 0 0 0 0 0 0 1
1347384822 59 0 0 0 0 0 0 0 0 0 1 0 0 0 0 0 0 0 0 1
1347470710 60 0 0 0 0 0 0 0 0 0 1 0 0 0 0 0 0 0 0 1
1347489115 61 0 0 0 0 0 0 0 0 0 1 0 0 0 0 0 0 0 0 1
1347567438 62 0 0 0 0 0 0 0 0 0 1 0 0 0 0 0 0 0 0 1
1347567629 63 0 0 0 0 0 0 0 0 0 1 0 0 0 0 0 0 0 0 1
1347581083 64 0 0 0 0 0 0 0 0 0 1 0 0 0 0 0 0 0 0 1
1347581741 65 0 0 0 0 0 0 0 0 0 1 0 0 0 0 0 0 0 0 1
1347648802 66 0 0 0 0 0 0 0 0 0 1 0 0 0 0 0 0 0 0 1
1347915962 67 0 0 0 0 0 0 0 0 0 1 0 0 0 0 0 0 0 0 1
1348953201 67 0 0 0 0 0 0 0 0 0 1 0 0 1 0 0 0 0 0 1
1348953972 67 0 0 0 0 0 0 0 0 0 1 0 0 2 0 0 0 0 0 1
1348954341 67 0 0 0 0 0 0 0 0 0 1 0 0 3 0 0 0 0 0 1
1348955807 67 0 0 0 0 0 0 0 0 0 1 0 0 4 0 0 0 0 0 1
1349221281 68 0 0 0 0 0 0 0 0 0 1 0 0 4 0 0 0 0 0 1
1349221344 69 0 0 0 0 0 0 0 0 0 1 0 0 4 0 0 0 0 0 1
1349221592 70 0 0 0 0 0 0 0 0 0 1 0 0 4 0 0 0 0 0 1
1349221771 71 0 0 0 0 0 0 0 0 0 1 0 0 4 0 0 0 0 0 1
1349299363 72 0 0 0 0 0 0 0 0 0 1 0 0 4 0 0 0 0 0 1
1349306488 73 0 0 0 0 0 0 0 0 0 1 0 0 4 0 0 0 0 0 1
1349306530 74 0 0 0 0 0 0 0 0 0 1 0 0 4 0 0 0 0 0 1
1350331518 75 0 0 0 0 0 0 0 0 0 1 0 0 4 0 0 0 0 0 1
1350341829 76 0 0 0 0 0 0 0 0 0 1 0 0 4 0 0 0 0 0 1
1351018918 77 0 0 0 0 0 0 0 0 0 1 0 0 4 0 0 0 0 0 1
1351023651 78 0 0 0 0 0 0 0 0 0 1 0 0 4 0 0 0 0 0 1
1351030976 79 0 0 0 0 0 0 0 0 0 1 0 0 4 0 0 0 0 0 1
1351621369 80 0 0 0 0 0 0 0 0 0 1 0 0 4 0 0 0 0 0 1
1351621530 81 0 0 0 0 0 0 0 0 0 1 0 0 4 0 0 0 0 0 1
1354834133 82 0 0 0 0 0 0 0 0 0 1 0 0 4 0 0 0 0 0 1
1354839698 83 0 0 0 0 0 0 0 0 0 1 0 0 4 0 0 0 0 0 1
1355178648 84 0 0 0 0 0 0 0 0 0 1 0 0 4 0 0 0 0 0 1
1358245254 84 0 0 0 0 0 0 0 0 0 1 0 0 4 0 0 1 0 0 1
1358245430 84 0 0 0 0 0 0 0 0 0 1 0 0 4 0 0 2 0 0 1
1358276765 84 0 0 0 0 0 0 0 0 0 2 0 0 4 0 0 2 0 0 1
1361296840 85 0 0 0 0 0 0 0 0 0 2 0 0 4 0 0 2 0 0 1
1361297012 86 0 0 0 0 0 0 0 0 0 2 0 0 4 0 0 2 0 0 1
1362434628 86 0 0 0 0 0 0 0 0 0 3 0 0 4 0 0 2 0 0 1
1362511585 87 0 0 0 0 0 0 0 0 0 3 0 0 4 0 0 2 0 0 1
1362524919 88 0 0 0 0 0 0 0 0 0 3 0 0 4 0 0 2 0 0 1
1362598920 89 0 0 0 0 0 0 0 0 0 3 0 0 4 0 0 2 0 0 1
1362599468 90 0 0 0 0 0 0 0 0 0 3 0 0 4 0 0 2 0 0 1
1362606370 91 0 0 0 0 0 0 0 0 0 3 0 0 4 0 0 2 0 0 1
1362606436 92 0 0 0 0 0 0 0 0 0 3 0 0 4 0 0 2 0 0 1
1362616569 93 0 0 0 0 0 0 0 0 0 3 0 0 4 0 0 2 0 0 1
1362616607 94 0 0 0 0 0 0 0 0 0 3 0 0 4 0 0 2 0 0 1
1363043820 95 0 0 0 0 0 0 0 0 0 3 0 0 4 0 0 2 0 0 1
1363115389 96 0 0 0 0 0 0 0 0 0 3 0 0 4 0 0 2 0 0 1
1363115612 97 0 0 0 0 0 0 0 0 0 3 0 0 4 0 0 2 0 0 1
1363123496 98 0 0 0 0 0 0 0 0 0 3 0 0 4 0 0 2 0 0 1
1363124047 99 0 0 0 0 0 0 0 0 0 3 0 0 4 0 0 2 0 0 1
1363298213 99 0 0 0 0 0 0 0 0 0 3 0 0 4 1 0 2 0 0 1
1363299835 100 0 0 0 0 0 0 0 0 0 3 0 0 4 1 0 2 0 0 1
1363299994 101 0 0 0 0 0 0 0 0 0 3 0 0 4 1 0 2 0 0 1
1363302172 102 0 0 0 0 0 0 0 0 0 3 0 0 4 1 0 2 0 0 1
1363642255 103 0 0 0 0 0 0 0 0 0 3 0 0 4 1 0 2 0 0 1
1363645086 104 0 0 0 0 0 0 0 0 0 3 0 0 4 1 0 2 0 0 1
1363714507 105 0 0 0 0 0 0 0 0 0 3 0 0 4 1 0 2 0 0 1
1363715320 106 0 0 0 0 0 0 0 0 0 3 0 0 4 1 0 2 0 0 1
1363747990 107 0 0 0 0 0 0 0 0 0 3 0 0 4 1 0 2 0 0 1
1363810138 108 0 0 0 0 0 0 0 0 0 3 0 0 4 1 0 2 0 0 1
1363812662 109 0 0 0 0 0 0 0 0 0 3 0 0 4 1 0 2 0 0 1
1363813464 110 0 0 0 0 0 0 0 0 0 3 0 0 4 1 0 2 0 0 1
1363819291 111 0 0 0 0 0 0 0 0 0 3 0 0 4 1 0 2 0 0 1
1363899939 111 0 0 0 0 0 0 0 0 0 3 0 0 4 2 0 2 0 0 1
1363901895 112 0 0 0 0 0 0 0 0 0 3 0 0 4 2 0 2 0 0 1
1363904523 112 0 0 0 0 0 0 0 0 0 3 0 0 4 3 0 2 0 0 1
1363973501 113 0 0 0 0 0 0 0 0 0 3 0 0 4 3 0 2 0 0 1
1363988374 114 0 0 0 0 0 0 0 0 0 3 0 0 4 3 0 2 0 0 1
1363988762 115 0 0 0 0 0 0 0 0 0 3 0 0 4 3 0 2 0 0 1
1363988913 116 0 0 0 0 0 0 0 0 0 3 0 0 4 3 0 2 0 0 1
1364059643 117 0 0 0 0 0 0 0 0 0 3 0 0 4 3 0 2 0 0 1
1364063338 118 0 0 0 0 0 0 0 0 0 3 0 0 4 3 0 2 0 0 1
1364078994 119 0 0 0 0 0 0 0 0 0 3 0 0 4 3 0 2 0 0 1
1364160846 120 0 0 0 0 0 0 0 0 0 3 0 0 4 3 0 2 0 0 1
1364186081 121 0 0 0 0 0 0 0 0 0 3 0 0 4 3 0 2 0 0 1
1364399326 122 0 0 0 0 0 0 0 0 0 3 0 0 4 3 0 2 0 0 1
1364404069 123 0 0 0 0 0 0 0 0 0 3 0 0 4 3 0 2 0 0 1
1364405069 124 0 0 0 0 0 0 0 0 0 3 0 0 4 3 0 2 0 0 1
1364406488 125 0 0 0 0 0 0 0 0 0 3 0 0 4 3 0 2 0 0 1
1364421101 126 0 0 0 0 0 0 0 0 0 3 0 0 4 3 0 2 0 0 1
1364421312 127 0 0 0 0 0 0 0 0 0 3 0 0 4 3 0 2 0 0 1
1364422981 128 0 0 0 0 0 0 0 0 0 3 0 0 4 3 0 2 0 0 1
1364498307 129 0 0 0 0 0 0 0 0 0 3 0 0 4 3 0 2 0 0 1
1364498371 130 0 0 0 0 0 0 0 0 0 3 0 0 4 3 0 2 0 0 1
1364498906 131 0 0 0 0 0 0 0 0 0 3 0 0 4 3 0 2 0 0 1
1364499011 132 0 0 0 0 0 0 0 0 0 3 0 0 4 3 0 2 0 0 1
1364505785 133 0 0 0 0 0 0 0 0 0 3 0 0 4 3 0 2 0 0 1
1364511202 134 0 0 0 0 0 0 0 0 0 3 0 0 4 3 0 2 0 0 1
1364515224 135 0 0 0 0 0 0 0 0 0 3 0 0 4 3 0 2 0 0 1
1364923013 136 0 0 0 0 0 0 0 0 0 3 0 0 4 3 0 2 0 0 1
1364924032 137 0 0 0 0 0 0 0 0 0 3 0 0 4 3 0 2 0 0 1
1364936147 138 0 0 0 0 0 0 0 0 0 3 0 0 4 3 0 2 0 0 1
1364937852 139 0 0 0 0 0 0 0 0 0 3 0 0 4 3 0 2 0 0 1
1364944548 140 0 0 0 0 0 0 0 0 0 3 0 0 4 3 0 2 0 0 1
1365025464 141 0 0 0 0 0 0 0 0 0 3 0 0 4 3 0 2 0 0 1
1365029354 142 0 0 0 0 0 0 0 0 0 3 0 0 4 3 0 2 0 0 1
1365031572 143 0 0 0 0 0 0 0 0 0 3 0 0 4 3 0 2 0 0 1
1365120280 144 0 0 0 0 0 0 0 0 0 3 0 0 4 3 0 2 0 0 1
1365121450 145 0 0 0 0 0 0 0 0 0 3 0 0 4 3 0 2 0 0 1
1365185899 146 0 0 0 0 0 0 0 0 0 3 0 0 4 3 0 2 0 0 1
1365205124 147 0 0 0 0 0 0 0 0 0 3 0 0 4 3 0 2 0 0 1
1365309389 148 0 0 0 0 0 0 0 0 0 3 0 0 4 3 0 2 0 0 1
1365314028 149 0 0 0 0 0 0 0 0 0 3 0 0 4 3 0 2 0 0 1
1365365069 150 0 0 0 0 0 0 0 0 0 3 0 0 4 3 0 2 0 0 1
1365369456 151 0 0 0 0 0 0 0 0 0 3 0 0 4 3 0 2 0 0 1
1365369485 152 0 0 0 0 0 0 0 0 0 3 0 0 4 3 0 2 0 0 1
1365443715 153 0 0 0 0 0 0 0 0 0 3 0 0 4 3 0 2 0 0 1
1365446789 154 0 0 0 0 0 0 0 0 0 3 0 0 4 3 0 2 0 0 1
1365978251 155 0 0 0 0 0 0 0 0 0 3 0 0 4 3 0 2 0 0 1
1366043362 156 0 0 0 0 0 0 0 0 0 3 0 0 4 3 0 2 0 0 1
1366045571 157 0 0 0 0 0 0 0 0 0 3 0 0 4 3 0 2 0 0 1
1366050771 158 0 0 0 0 0 0 0 0 0 3 0 0 4 3 0 2 0 0 1
1366056919 159 0 0 0 0 0 0 0 0 0 3 0 0 4 3 0 2 0 0 1
1366058075 160 0 0 0 0 0 0 0 0 0 3 0 0 4 3 0 2 0 0 1
1366059619 161 0 0 0 0 0 0 0 0 0 3 0 0 4 3 0 2 0 0 1
1366143814 162 0 0 0 0 0 0 0 0 0 3 0 0 4 3 0 2 0 0 1
1366148015 163 0 0 0 0 0 0 0 0 0 3 0 0 4 3 0 2 0 0 1
1366156098 164 0 0 0 0 0 0 0 0 0 3 0 0 4 3 0 2 0 0 1
1366156844 165 0 0 0 0 0 0 0 0 0 3 0 0 4 3 0 2 0 0 1
1366159740 165 0 0 0 0 0 0 0 0 0 3 0 1 4 3 0 2 0 0 1
1366223000 166 0 0 0 0 0 0 0 0 0 3 0 1 4 3 0 2 0 0 1
1366231931 167 0 0 0 0 0 0 0 0 0 3 0 1 4 3 0 2 0 0 1
1366231956 168 0 0 0 0 0 0 0 0 0 3 0 1 4 3 0 2 0 0 1
1366237317 169 0 0 0 0 0 0 0 0 0 3 0 1 4 3 0 2 0 0 1
1366241840 170 0 0 0 0 0 0 0 0 0 3 0 1 4 3 0 2 0 0 1
1366241949 171 0 0 0 0 0 0 0 0 0 3 0 1 4 3 0 2 0 0 1
1366242864 172 0 0 0 0 0 0 0 0 0 3 0 1 4 3 0 2 0 0 1
1366243694 173 0 0 0 0 0 0 0 0 0 3 0 1 4 3 0 2 0 0 1
1366245303 173 0 0 0 0 0 0 0 0 0 3 0 2 4 3 0 2 0 0 1
1366245620 173 0 0 0 0 0 0 0 0 0 3 0 3 4 3 0 2 0 0 1
1366309036 173 0 0 0 0 0 0 0 0 0 3 0 4 4 3 0 2 0 0 1
1366310794 173 0 0 0 0 0 0 0 0 0 3 0 5 4 3 0 2 0 0 1
1366316648 173 0 0 0 0 0 0 0 0 0 3 0 6 4 3 0 2 0 0 1
1366318482 174 0 0 0 0 0 0 0 0 0 3 0 6 4 3 0 2 0 0 1
1366318510 175 0 0 0 0 0 0 0 0 0 3 0 6 4 3 0 2 0 0 1
1366327489 176 0 0 0 0 0 0 0 0 0 3 0 6 4 3 0 2 0 0 1
1366329384 177 0 0 0 0 0 0 0 0 0 3 0 6 4 3 0 2 0 0 1
1366390370 178 0 0 0 0 0 0 0 0 0 3 0 6 4 3 0 2 0 0 1
1366390481 179 0 0 0 0 0 0 0 0 0 3 0 6 4 3 0 2 0 0 1
1366390873 180 0 0 0 0 0 0 0 0 0 3 0 6 4 3 0 2 0 0 1
1366392195 181 0 0 0 0 0 0 0 0 0 3 0 6 4 3 0 2 0 0 1
1366392425 181 0 0 0 0 0 0 0 0 0 3 0 7 4 3 0 2 0 0 1
1366394908 182 0 0 0 0 0 0 0 0 0 3 0 7 4 3 0 2 0 0 1
1366405768 183 0 0 0 0 0 0 0 0 0 3 0 7 4 3 0 2 0 0 1
1366405831 184 0 0 0 0 0 0 0 0 0 3 0 7 4 3 0 2 0 0 1
1366415162 185 0 0 0 0 0 0 0 0 0 3 0 7 4 3 0 2 0 0 1
1366669977 186 0 0 0 0 0 0 0 0 0 3 0 7 4 3 0 2 0 0 1
1366676731 187 0 0 0 0 0 0 0 0 0 3 0 7 4 3 0 2 0 0 1
1366679751 188 0 0 0 0 0 0 0 0 0 3 0 7 4 3 0 2 0 0 1
1366679802 189 0 0 0 0 0 0 0 0 0 3 0 7 4 3 0 2 0 0 1
1366694008 190 0 0 0 0 0 0 0 0 0 3 0 7 4 3 0 2 0 0 1
1366694406 191 0 0 0 0 0 0 0 0 0 3 0 7 4 3 0 2 0 0 1
1366736360 192 0 0 0 0 0 0 0 0 0 3 0 7 4 3 0 2 0 0 1
1366738868 193 0 0 0 0 0 0 0 0 0 3 0 7 4 3 0 2 0 0 1
1366739286 194 0 0 0 0 0 0 0 0 0 3 0 7 4 3 0 2 0 0 1
1366739836 195 0 0 0 0 0 0 0 0 0 3 0 7 4 3 0 2 0 0 1
1366740287 196 0 0 0 0 0 0 0 0 0 3 0 7 4 3 0 2 0 0 1
1366756513 197 0 0 0 0 0 0 0 0 0 3 0 7 4 3 0 2 0 0 1
1366831217 198 0 0 0 0 0 0 0 0 0 3 0 7 4 3 0 2 0 0 1
1366839630 199 0 0 0 0 0 0 0 0 0 3 0 7 4 3 0 2 0 0 1
1366839732 200 0 0 0 0 0 0 0 0 0 3 0 7 4 3 0 2 0 0 1
1366917214 201 0 0 0 0 0 0 0 0 0 3 0 7 4 3 0 2 0 0 1
1366926678 202 0 0 0 0 0 0 0 0 0 3 0 7 4 3 0 2 0 0 1
1366926721 203 0 0 0 0 0 0 0 0 0 3 0 7 4 3 0 2 0 0 1
1366927131 204 0 0 0 0 0 0 0 0 0 3 0 7 4 3 0 2 0 0 1
1366928408 205 0 0 0 0 0 0 0 0 0 3 0 7 4 3 0 2 0 0 1
1366929069 205 0 0 0 0 0 0 0 0 0 4 0 7 4 3 0 2 0 0 1
1366929217 206 0 0 0 0 0 0 0 0 0 4 0 7 4 3 0 2 0 0 1
1366929401 207 0 0 0 0 0 0 0 0 0 4 0 7 4 3 0 2 0 0 1
1366929556 208 0 0 0 0 0 0 0 0 0 4 0 7 4 3 0 2 0 0 1
1366929791 209 0 0 0 0 0 0 0 0 0 4 0 7 4 3 0 2 0 0 1
1366929813 210 0 0 0 0 0 0 0 0 0 4 0 7 4 3 0 2 0 0 1
1366929984 211 0 0 0 0 0 0 0 0 0 4 0 7 4 3 0 2 0 0 1
1366930130 212 0 0 0 0 0 0 0 0 0 4 0 7 4 3 0 2 0 0 1
1366930224 213 0 0 0 0 0 0 0 0 0 4 0 7 4 3 0 2 0 0 1
1366930285 214 0 0 0 0 0 0 0 0 0 4 0 7 4 3 0 2 0 0 1
1366930436 215 0 0 0 0 0 0 0 0 0 4 0 7 4 3 0 2 0 0 1
1366930463 216 0 0 0 0 0 0 0 0 0 4 0 7 4 3 0 2 0 0 1
1367279787 217 0 0 0 0 0 0 0 0 0 4 0 7 4 3 0 2 0 0 1
1367341649 218 0 0 0 0 0 0 0 0 0 4 0 7 4 3 0 2 0 0 1
1367363336 219 0 0 0 0 0 0 0 0 0 4 0 7 4 3 0 2 0 0 1
1367522274 220 0 0 0 0 0 0 0 0 0 4 0 7 4 3 0 2 0 0 1
1367967595 221 0 0 0 0 0 0 0 0 0 4 0 7 4 3 0 2 0 0 1
1368062052 222 0 0 0 0 0 0 0 0 0 4 0 7 4 3 0 2 0 0 1
1368215129 223 0 0 0 0 0 0 0 0 0 4 0 7 4 3 0 2 0 0 1
1368221441 224 0 0 0 0 0 0 0 0 0 4 0 7 4 3 0 2 0 0 1
1368223282 225 0 0 0 0 0 0 0 0 0 4 0 7 4 3 0 2 0 0 1
1368225027 226 0 0 0 0 0 0 0 0 0 4 0 7 4 3 0 2 0 0 1
1368228310 227 0 0 0 0 0 0 0 0 0 4 0 7 4 3 0 2 0 0 1
1368471482 228 0 0 0 0 0 0 0 0 0 4 0 7 4 3 0 2 0 0 1
1368476778 229 0 0 0 0 0 0 0 0 0 4 0 7 4 3 0 2 0 0 1
1368478771 230 0 0 0 0 0 0 0 0 0 4 0 7 4 3 0 2 0 0 1
1368509530 231 0 0 0 0 0 0 0 0 0 4 0 7 4 3 0 2 0 0 1
1368510020 232 0 0 0 0 0 0 0 0 0 4 0 7 4 3 0 2 0 0 1
1368552411 233 0 0 0 0 0 0 0 0 0 4 0 7 4 3 0 2 0 0 1
1368552585 234 0 0 0 0 0 0 0 0 0 4 0 7 4 3 0 2 0 0 1
1368552619 235 0 0 0 0 0 0 0 0 0 4 0 7 4 3 0 2 0 0 1
1368555447 236 0 0 0 0 0 0 0 0 0 4 0 7 4 3 0 2 0 0 1
1368556407 237 0 0 0 0 0 0 0 0 0 4 0 7 4 3 0 2 0 0 1
1368557661 238 0 0 0 0 0 0 0 0 0 4 0 7 4 3 0 2 0 0 1
1368557692 239 0 0 0 0 0 0 0 0 0 4 0 7 4 3 0 2 0 0 1
1368563644 240 0 0 0 0 0 0 0 0 0 4 0 7 4 3 0 2 0 0 1
1368568676 241 0 0 0 0 0 0 0 0 0 4 0 7 4 3 0 2 0 0 1
1368568687 242 0 0 0 0 0 0 0 0 0 4 0 7 4 3 0 2 0 0 1
1368574415 243 0 0 0 0 0 0 0 0 0 4 0 7 4 3 0 2 0 0 1
1368574462 244 0 0 0 0 0 0 0 0 0 4 0 7 4 3 0 2 0 0 1
1368575073 245 0 0 0 0 0 0 0 0 0 4 0 7 4 3 0 2 0 0 1
1369172735 246 0 0 0 0 0 0 0 0 0 4 0 7 4 3 0 2 0 0 1
1369172796 247 0 0 0 0 0 0 0 0 0 4 0 7 4 3 0 2 0 0 1
1369174667 248 0 0 0 0 0 0 0 0 0 4 0 7 4 3 0 2 0 0 1
1369174763 249 0 0 0 0 0 0 0 0 0 4 0 7 4 3 0 2 0 0 1
1369174780 250 0 0 0 0 0 0 0 0 0 4 0 7 4 3 0 2 0 0 1
1369249738 251 0 0 0 0 0 0 0 0 0 4 0 7 4 3 0 2 0 0 1
1369249766 252 0 0 0 0 0 0 0 0 0 4 0 7 4 3 0 2 0 0 1
1369251505 253 0 0 0 0 0 0 0 0 0 4 0 7 4 3 0 2 0 0 1
1369700475 254 0 0 0 0 0 0 0 0 0 4 0 7 4 3 0 2 0 0 1
1369708647 255 0 0 0 0 0 0 0 0 0 4 0 7 4 3 0 2 0 0 1
1369713807 256 0 0 0 0 0 0 0 0 0 4 0 7 4 3 0 2 0 0 1
1369718225 257 0 0 0 0 0 0 0 0 0 4 0 7 4 3 0 2 0 0 1
1369725369 258 0 0 0 0 0 0 0 0 0 4 0 7 4 3 0 2 0 0 1
1369762747 259 0 0 0 0 0 0 0 0 0 4 0 7 4 3 0 2 0 0 1
1369762803 260 0 0 0 0 0 0 0 0 0 4 0 7 4 3 0 2 0 0 1
1369766194 261 0 0 0 0 0 0 0 0 0 4 0 7 4 3 0 2 0 0 1
1369767461 262 0 0 0 0 0 0 0 0 0 4 0 7 4 3 0 2 0 0 1
1369794628 263 0 0 0 0 0 0 0 0 0 4 0 7 4 3 0 2 0 0 1
1369797618 264 0 0 0 0 0 0 0 0 0 4 0 7 4 3 0 2 0 0 1
1369805734 265 0 0 0 0 0 0 0 0 0 4 0 7 4 3 0 2 0 0 1
1369806216 266 0 0 0 0 0 0 0 0 0 4 0 7 4 3 0 2 0 0 1
1369807301 267 0 0 0 0 0 0 0 0 0 4 0 7 4 3 0 2 0 0 1
1369808726 268 0 0 0 0 0 0 0 0 0 4 0 7 4 3 0 2 0 0 1
1370171088 268 0 1 0 0 0 0 0 0 0 4 0 7 4 3 0 2 0 0 1
1370171814 268 0 2 0 0 0 0 0 0 0 4 0 7 4 3 0 2 0 0 1
1370297521 268 0 2 0 0 0 0 0 0 0 5 0 7 4 3 0 2 0 0 1
1370342692 268 0 3 0 0 0 0 0 0 0 5 0 7 4 3 0 2 0 0 1
1370376298 268 0 4 0 0 0 0 0 0 0 5 0 7 4 3 0 2 0 0 1
1370380740 268 0 4 0 0 0 0 0 0 0 6 0 7 4 3 0 2 0 0 1
1370472223 269 0 4 0 0 0 0 0 0 0 6 0 7 4 3 0 2 0 0 1
1370476935 270 0 4 0 0 0 0 0 0 0 6 0 7 4 3 0 2 0 0 1
1370509883 270 0 5 0 0 0 0 0 0 0 6 0 7 4 3 0 2 0 0 1
1370664205 270 0 5 0 0 0 0 0 0 0 7 0 7 4 3 0 2 0 0 1
1370664523 271 0 5 0 0 0 0 0 0 0 7 0 7 4 3 0 2 0 0 1
1370875163 271 0 5 0 0 0 0 0 0 0 7 0 7 4 3 0 2 0 0 1
1370887970 271 0 5 0 0 0 0 0 0 0 8 0 7 4 3 0 2 0 0 1
1370891998 272 0 5 0 0 0 0 0 0 0 8 0 7 4 3 0 2 0 0 1
1370892103 273 0 5 0 0 0 0 0 0 0 8 0 7 4 3 0 2 0 0 1
1370975232 274 0 5 0 0 0 0 0 0 0 8 0 7 4 3 0 2 0 0 1
1370989316 275 0 5 0 0 0 0 0 0 0 8 0 7 4 3 0 2 0 0 1
1371015291 276 0 5 0 0 0 0 0 0 0 8 0 7 4 3 0 2 0 0 1
1371016489 277 0 5 0 0 0 0 0 0 0 8 0 7 4 3 0 2 0 0 1
1371016526 278 0 5 0 0 0 0 0 0 0 8 0 7 4 3 0 2 0 0 1
1371057309 279 0 5 0 0 0 0 0 0 0 8 0 7 4 3 0 2 0 0 1
1371073660 280 0 5 0 0 0 0 0 0 0 8 0 7 4 3 0 2 0 0 1
1371075303 281 0 5 0 0 0 0 0 0 0 8 0 7 4 3 0 2 0 0 1
1371150935 281 0 5 1 0 0 0 0 0 0 8 0 7 4 3 0 2 0 0 1
1371178078 281 0 5 1 0 0 0 0 0 0 9 0 7 4 3 0 2 0 0 1
1371752695 282 0 5 1 0 0 0 0 0 0 9 0 7 4 3 0 2 0 0 1
1371777255 283 0 5 1 0 0 0 0 0 0 9 0 7 4 3 0 2 0 0 1
1371786710 284 0 5 1 0 0 0 0 0 0 9 0 7 4 3 0 2 0 0 1
1371792704 285 0 5 1 0 0 0 0 0 0 9 0 7 4 3 0 2 0 0 1
1371796693 286 0 5 1 0 0 0 0 0 0 9 0 7 4 3 0 2 0 0 1
1371797151 287 0 5 1 0 0 0 0 0 0 9 0 7 4 3 0 2 0 0 1
1371832150 288 0 5 1 0 0 0 0 0 0 9 0 7 4 3 0 2 0 0 1
1372052454 289 0 5 1 0 0 0 0 0 0 9 0 7 4 3 0 2 0 0 1
1372103315 290 0 5 1 0 0 0 0 0 0 9 0 7 4 3 0 2 0 0 1
1372106828 291 0 5 1 0 0 0 0 0 0 9 0 7 4 3 0 2 0 0 1
1372112440 292 0 5 1 0 0 0 0 0 0 9 0 7 4 3 0 2 0 0 1
1372117388 293 0 5 1 0 0 0 0 0 0 9 0 7 4 3 0 2 0 0 1
1372141088 294 0 5 1 0 0 0 0 0 0 9 0 7 4 3 0 2 0 0 1
1372304191 295 0 5 1 0 0 0 0 0 0 9 0 7 4 3 0 2 0 0 1
1372304452 296 0 5 1 0 0 0 0 0 0 9 0 7 4 3 0 2 0 0 1
1372310961 297 0 5 1 0 0 0 0 0 0 9 0 7 4 3 0 2 0 0 1
1372310993 298 0 5 1 0 0 0 0 0 0 9 0 7 4 3 0 2 0 0 1
1372311091 299 0 5 1 0 0 0 0 0 0 9 0 7 4 3 0 2 0 0 1
1372356049 300 0 5 1 0 0 0 0 0 0 9 0 7 4 3 0 2 0 0 1
1372376615 301 0 5 1 0 0 0 0 0 0 9 0 7 4 3 0 2 0 0 1
1372380512 302 0 5 1 0 0 0 0 0 0 9 0 7 4 3 0 2 0 0 1
1372448526 303 0 5 1 0 0 0 0 0 0 9 0 7 4 3 0 2 0 0 1
1372448646 304 0 5 1 0 0 0 0 0 0 9 0 7 4 3 0 2 0 0 1
1372448720 305 0 5 1 0 0 0 0 0 0 9 0 7 4 3 0 2 0 0 1
1372783125 306 0 5 1 0 0 0 0 0 0 9 0 7 4 3 0 2 0 0 1
1372875062 307 0 5 1 0 0 0 0 0 0 9 0 7 4 3 0 2 0 0 1
1372960439 308 0 5 1 0 0 0 0 0 0 9 0 7 4 3 0 2 0 0 1
1373322959 309 0 5 1 0 0 0 0 0 0 9 0 7 4 3 0 2 0 0 1
1373326968 310 0 5 1 0 0 0 0 0 0 9 0 7 4 3 0 2 0 0 1
1373328303 311 0 5 1 0 0 0 0 0 0 9 0 7 4 3 0 2 0 0 1
1373399337 312 0 5 1 0 0 0 0 0 0 9 0 7 4 3 0 2 0 0 1
1373407922 313 0 5 1 0 0 0 0 0 0 9 0 7 4 3 0 2 0 0 1
1373414768 314 0 5 1 0 0 0 0 0 0 9 0 7 4 3 0 2 0 0 1
1373621277 314 0 5 1 0 0 0 0 0 0 9 0 7 4 3 0 2 0 0 1
1373953947 314 0 5 2 0 0 0 0 0 0 9 0 7 4 3 0 2 0 0 1
1373995885 314 0 5 3 0 0 0 0 0 0 9 0 7 4 3 0 2 0 0 1
1373995975 314 0 5 4 0 0 0 0 0 0 9 0 7 4 3 0 2 0 0 1
1374091282 314 0 5 4 0 0 0 0 0 0 10 0 7 4 3 0 2 0 0 1
1374244517 314 0 5 4 0 0 0 0 0 0 10 0 7 4 3 0 2 0 0 1
1374515160 314 0 5 5 0 0 0 0 0 0 11 0 7 4 3 0 2 0 0 1
1374691781 314 0 5 5 0 0 0 0 0 0 12 0 7 4 3 0 2 0 0 1
1375914896 315 0 5 5 0 0 0 0 0 0 12 0 7 4 3 0 2 0 0 1
1377046158 315 0 5 6 0 0 0 0 0 0 12 0 7 4 3 0 2 0 0 1
1377046292 315 0 5 7 0 0 0 0 0 0 12 0 7 4 3 0 2 0 0 1
1377125215 315 0 5 8 0 0 0 0 0 0 12 0 7 4 3 0 2 0 0 1
1377187037 315 0 5 9 0 0 0 0 0 0 12 0 7 4 3 0 2 0 0 1
1377189938 315 0 5 10 0 0 0 0 0 0 12 0 7 4 3 0 2 0 0 1
1377190922 315 0 5 11 0 0 0 0 0 0 12 0 7 4 3 0 2 0 0 1
1377215779 315 0 5 11 0 0 0 0 0 0 13 0 7 4 3 0 2 0 0 1
1377560772 316 0 5 11 0 0 0 0 0 0 13 0 7 4 3 0 2 0 0 1
1377561261 317 0 5 11 0 0 0 0 0 0 13 0 7 4 3 0 2 0 0 1
1377622820 317 0 5 12 0 0 0 0 0 0 13 0 7 4 3 0 2 0 0 1
1377622892 317 0 5 13 0 0 0 0 0 0 13 0 7 4 3 0 2 0 0 1
1377623645 317 0 5 14 0 0 0 0 0 0 13 0 7 4 3 0 2 0 0 1
1377628949 317 0 5 14 0 0 0 0 0 0 14 0 7 4 3 0 2 0 0 1
1379008109 318 0 5 14 0 0 0 0 0 0 14 0 7 4 3 0 2 0 0 1
1379008141 319 0 5 14 0 0 0 0 0 0 14 0 7 4 3 0 2 0 0 1
1379110954 320 0 5 14 0 0 0 0 0 0 14 0 7 4 3 0 2 0 0 1
1380908288 320 0 5 15 0 0 0 0 0 0 14 0 7 4 3 0 2 0 0 1
1380927091 320 0 5 15 0 0 1 0 0 0 14 0 7 4 3 0 2 0 0 1
1380928260 320 0 5 15 0 0 2 0 0 0 14 0 7 4 3 0 2 0 0 1
1380928291 320 0 5 15 0 0 3 0 0 0 14 0 7 4 3 0 2 0 0 1
1381170945 320 0 5 15 0 0 4 0 0 0 14 0 7 4 3 0 2 0 0 1
1381172457 320 0 5 15 0 0 5 0 0 0 14 0 7 4 3 0 2 0 0 1
1381180138 320 0 5 15 0 0 6 0 0 0 14 0 7 4 3 0 2 0 0 1
1381183242 320 0 5 15 0 0 7 0 0 0 14 0 7 4 3 0 2 0 0 1
1381187066 320 0 5 15 0 0 8 0 0 0 14 0 7 4 3 0 2 0 0 1
1381187188 320 0 5 15 0 0 9 0 0 0 14 0 7 4 3 0 2 0 0 1
1381187422 320 0 5 15 0 0 10 0 0 0 14 0 7 4 3 0 2 0 0 1
1381187672 320 0 5 15 0 0 11 0 0 0 14 0 7 4 3 0 2 0 0 1
1381189087 320 0 5 15 0 0 12 0 0 0 14 0 7 4 3 0 2 0 0 1
1381250521 320 0 5 15 1 0 12 0 0 0 14 0 7 4 3 0 2 0 0 1
1381250544 320 0 5 15 2 0 12 0 0 0 14 0 7 4 3 0 2 0 0 1
1381254845 320 0 5 15 2 0 13 0 0 0 14 0 7 4 3 0 2 0 0 1
1381254936 320 0 5 15 2 0 14 0 0 0 14 0 7 4 3 0 2 0 0 1
1381257289 320 0 5 15 2 0 15 0 0 0 14 0 7 4 3 0 2 0 0 1
1381271919 320 0 5 15 2 0 16 0 0 0 14 0 7 4 3 0 2 0 0 1
1381337028 320 0 5 15 2 0 17 0 0 0 14 0 7 4 3 0 2 0 0 1
1381337181 320 0 5 15 2 0 18 0 0 0 14 0 7 4 3 0 2 0 0 1
1381337231 320 0 5 15 2 0 19 0 0 0 14 0 7 4 3 0 2 0 0 1
1381339520 320 0 5 15 2 0 20 0 0 0 14 0 7 4 3 0 2 0 0 1
1381348045 320 0 5 15 2 0 21 0 0 0 14 0 7 4 3 0 2 0 0 1
1381361687 320 0 5 15 2 0 22 0 0 0 14 0 7 4 3 0 2 0 0 1
1381421755 320 0 5 15 2 0 23 0 0 0 14 0 7 4 3 0 2 0 0 1
1381424292 320 0 5 15 2 0 24 0 0 0 14 0 7 4 3 0 2 0 0 1
1381425053 320 0 5 15 2 0 25 0 0 0 14 0 7 4 3 0 2 0 0 1
1381425095 320 0 5 15 2 0 26 0 0 0 14 0 7 4 3 0 2 0 0 1
1381430810 320 0 5 15 2 0 27 0 0 0 14 0 7 4 3 0 2 0 0 1
1381434945 320 0 5 16 2 0 27 0 0 0 14 0 7 4 3 0 2 0 0 1
1381516254 320 1 5 16 2 0 27 0 0 0 14 0 7 4 3 0 2 0 0 1
1381863767 320 1 5 17 2 0 27 0 0 0 14 0 7 4 3 0 2 0 0 1
1381863909 320 2 5 17 2 0 27 0 0 0 14 0 7 4 3 0 2 0 0 1
1382140360 320 3 5 17 2 0 27 0 0 0 14 0 7 4 3 0 2 0 0 1
1382141893 320 4 5 17 2 0 27 0 0 0 14 0 7 4 3 0 2 0 0 1
1382463341 320 5 5 17 2 0 27 0 0 0 14 0 7 4 3 0 2 0 0 1
1382476719 320 6 5 17 2 0 27 0 0 0 14 0 7 4 3 0 2 0 0 1
1382599059 320 6 5 18 2 0 27 0 0 0 14 0 7 4 3 0 2 0 0 1
1382599387 320 6 5 19 2 0 27 0 0 0 14 0 7 4 3 0 2 0 0 1
1382985429 320 7 5 19 2 0 27 0 0 0 14 0 7 4 3 0 2 0 0 1
1382993634 320 8 5 19 2 0 27 0 0 0 14 0 7 4 3 0 2 0 0 1
1382994026 320 9 5 19 2 0 27 0 0 0 14 0 7 4 3 0 2 0 0 1
1382997097 320 10 5 19 2 0 27 0 0 0 14 0 7 4 3 0 2 0 0 1
1383234462 320 11 5 19 2 0 27 0 0 0 14 0 7 4 3 0 2 0 0 1
1383236741 320 12 5 19 2 0 27 0 0 0 14 0 7 4 3 0 2 0 0 1
1383241822 320 13 5 19 2 0 27 0 0 0 14 0 7 4 3 0 2 0 0 1
1383244632 320 14 5 19 2 0 27 0 0 0 14 0 7 4 3 0 2 0 0 1
1383602957 320 15 5 19 2 0 27 0 0 0 14 0 7 4 3 0 2 0 0 1
1383608767 320 16 5 19 2 0 27 0 0 0 14 0 7 4 3 0 2 0 0 1
1383690069 320 16 5 19 3 0 27 0 0 0 14 0 7 4 3 0 2 0 0 1
1383690858 320 16 5 19 4 0 27 0 0 0 14 0 7 4 3 0 2 0 0 1
1383691868 320 17 5 19 4 0 27 0 0 0 14 0 7 4 3 0 2 0 0 1
1383694413 320 18 5 19 4 0 27 0 0 0 14 0 7 4 3 0 2 0 0 1
1383808471 320 18 5 20 4 0 27 0 0 0 14 0 7 4 3 0 2 0 0 1
1383844084 320 19 5 20 4 0 27 0 0 0 14 0 7 4 3 0 2 0 0 1
1383853747 320 19 5 20 5 0 27 0 0 0 14 0 7 4 3 0 2 0 0 1
1383853787 320 19 5 20 6 0 27 0 0 0 14 0 7 4 3 0 2 0 0 1
1383853830 320 19 5 20 7 0 27 0 0 0 14 0 7 4 3 0 2 0 0 1
1383868077 320 20 5 20 7 0 27 0 0 0 14 0 7 4 3 0 2 0 0 1
1383936330 320 20 5 20 8 0 27 0 0 0 14 0 7 4 3 0 2 0 0 1
1383949060 320 20 5 20 9 0 27 0 0 0 14 0 7 4 3 0 2 0 0 1
1383949121 320 21 5 20 9 0 27 0 0 0 14 0 7 4 3 0 2 0 0 1
1384364523 320 21 5 20 10 0 27 0 0 0 14 0 7 4 3 0 2 0 0 1
1384454067 320 21 5 20 11 0 27 0 0 0 14 0 7 4 3 0 2 0 0 1
1384458601 320 22 5 20 11 0 27 0 0 0 14 0 7 4 3 0 2 0 0 1
1384559684 320 23 5 20 11 0 27 0 0 0 14 0 7 4 3 0 2 0 0 1
1384722204 320 24 5 20 11 0 27 0 0 0 14 0 7 4 3 0 2 0 0 1
1384722799 320 25 5 20 11 0 27 0 0 0 14 0 7 4 3 0 2 0 0 1
1384815739 320 25 5 20 12 0 27 0 0 0 14 0 7 4 3 0 2 0 0 1
1385064262 320 26 5 20 12 0 27 0 0 0 14 0 7 4 3 0 2 0 0 1
1385080199 320 26 5 20 13 0 27 0 0 0 14 0 7 4 3 0 2 0 0 1
1385082931 320 27 5 20 13 0 27 0 0 0 14 0 7 4 3 0 2 0 0 1
1385144303 320 27 5 20 14 0 27 0 0 0 14 0 7 4 3 0 2 0 0 1
1385146613 320 27 5 20 15 0 27 0 0 0 14 0 7 4 3 0 2 0 0 1
1385151985 320 27 5 20 16 0 27 0 0 0 14 0 7 4 3 0 2 0 0 1
1385159434 320 28 5 20 16 0 27 0 0 0 14 0 7 4 3 0 2 0 0 1
1385159544 320 29 5 20 16 0 27 0 0 0 14 0 7 4 3 0 2 0 0 1
1385404703 320 30 5 20 16 0 27 0 0 0 14 0 7 4 3 0 2 0 0 1
1385406666 320 31 5 20 16 0 27 0 0 0 14 0 7 4 3 0 2 0 0 1
1385406834 320 32 5 20 16 0 27 0 0 0 14 0 7 4 3 0 2 0 0 1
1385417007 320 32 5 20 17 0 27 0 0 0 14 0 7 4 3 0 2 0 0 1
1386008770 320 32 5 20 18 0 27 0 0 0 14 0 7 4 3 0 2 0 0 1
1386019712 320 32 5 20 19 0 27 0 0 0 14 0 7 4 3 0 2 0 0 1
1386101894 320 32 5 20 19 1 27 0 0 0 14 0 7 4 3 0 2 0 0 1
1386109526 320 33 5 20 19 1 27 0 0 0 14 0 7 4 3 0 2 0 0 1
1386192438 320 34 5 20 19 1 27 0 0 0 14 0 7 4 3 0 2 0 0 1
1386203253 320 35 5 20 19 1 27 0 0 0 14 0 7 4 3 0 2 0 0 1
1386206079 320 36 5 20 19 1 27 0 0 0 14 0 7 4 3 0 2 0 0 1
1386283228 320 36 5 20 19 2 27 0 0 0 14 0 7 4 3 0 2 0 0 1
1386283469 320 36 5 20 19 3 27 0 0 0 14 0 7 4 3 0 2 0 0 1
1386289497 320 36 5 20 20 3 27 0 0 0 14 0 7 4 3 0 2 0 0 1
1386356113 320 37 5 20 20 3 27 0 0 0 14 0 7 4 3 0 2 0 0 1
1386369720 320 38 5 20 20 3 27 0 0 0 14 0 7 4 3 0 2 0 0 1
1386376498 320 39 5 20 20 3 27 0 0 0 14 0 7 4 3 0 2 0 0 1
1386621214 320 40 5 20 20 3 27 0 0 0 14 0 7 4 3 0 2 0 0 1
1386627417 320 40 5 21 20 3 27 0 0 0 14 0 7 4 3 0 2 0 0 1
1386704409 320 40 5 21 21 3 27 0 0 0 14 0 7 4 3 0 2 0 0 1
1386705105 320 40 5 21 22 3 27 0 0 0 14 0 7 4 3 0 2 0 0 1
1386705527 320 40 5 21 23 3 27 0 0 0 14 0 7 4 3 0 2 0 0 1
1386788896 320 41 5 21 23 3 27 0 0 0 14 0 7 4 3 0 2 0 0 1
1386799940 320 41 5 21 24 3 27 0 0 0 14 0 7 4 3 0 2 0 0 1
1386801486 320 41 5 22 24 3 27 0 0 0 14 0 7 4 3 0 2 0 0 1
1386802770 320 41 5 23 24 3 27 0 0 0 14 0 7 4 3 0 2 0 0 1
1386885571 320 42 5 23 24 3 27 0 0 0 14 0 7 4 3 0 2 0 0 1
1386885976 320 42 5 23 25 3 27 0 0 0 14 0 7 4 3 0 2 0 0 1
1386891273 320 43 5 23 25 3 27 0 0 0 14 0 7 4 3 0 2 0 0 1
1386909710 320 43 5 23 25 4 27 0 0 0 14 0 7 4 3 0 2 0 0 1
1386909745 320 43 5 23 25 5 27 0 0 0 14 0 7 4 3 0 2 0 0 1
1386976750 320 43 5 23 25 6 27 0 0 0 14 0 7 4 3 0 2 0 0 1
1386977077 320 44 5 23 25 6 27 0 0 0 14 0 7 4 3 0 2 0 0 1
1387105300 320 44 5 24 25 6 27 0 0 0 14 0 7 4 3 0 2 0 0 1
1387127152 320 45 5 24 25 6 27 0 0 0 14 0 7 4 3 0 2 0 0 1
1387130572 320 46 5 24 25 6 27 0 0 0 14 0 7 4 3 0 2 0 0 1
1387220427 320 46 5 24 25 6 27 0 0 0 14 0 7 4 3 0 2 0 0 1
1387302149 320 46 5 25 25 6 27 0 0 0 14 0 7 4 3 0 2 0 0 1
1387304049 320 47 5 25 25 6 27 0 0 0 14 0 7 4 3 0 2 0 0 1
1387312281 320 48 5 25 25 6 27 0 0 0 14 0 7 4 3 0 2 0 0 1
1387312857 320 49 5 25 25 6 27 0 0 0 14 0 7 4 3 0 2 0 0 1
1387474407 320 50 5 25 25 6 27 0 0 0 14 0 7 4 3 0 2 0 0 1
1387475134 320 51 5 25 25 6 27 0 0 0 14 0 7 4 3 0 2 0 0 1
1387568048 320 52 5 25 25 6 27 0 0 0 14 0 7 4 3 0 2 0 0 1
1387568107 320 53 5 25 25 6 27 0 0 0 14 0 7 4 3 0 2 0 0 1
1387568108 320 54 5 25 25 6 27 0 0 0 14 0 7 4 3 0 2 0 0 1
1388688990 320 54 5 25 26 6 27 0 0 0 14 0 7 4 3 0 2 0 0 1
1388689088 320 54 5 25 27 6 27 0 0 0 14 0 7 4 3 0 2 0 0 1
1388692492 320 54 5 25 28 6 27 0 0 0 14 0 7 4 3 0 2 0 0 1
1389032279 320 54 5 25 29 6 27 0 0 0 14 0 7 4 3 0 2 0 0 1
1389032357 320 54 5 25 29 6 27 0 0 0 14 0 7 4 3 0 2 0 0 1
1389221125 320 54 5 25 30 6 27 0 0 0 14 0 7 4 3 0 2 0 0 1
1389292625 320 54 5 26 30 6 27 0 0 0 14 0 7 4 3 0 2 0 0 1
1389299668 320 54 5 26 30 6 27 0 0 0 14 0 7 4 3 1 2 0 0 1
1389380438 320 55 5 26 30 6 27 0 0 0 14 0 7 4 3 1 2 0 0 1
1389659775 320 55 5 26 30 6 27 1 0 0 14 0 7 4 3 1 2 0 0 1
1389724598 320 55 5 26 30 6 27 2 0 0 14 0 7 4 3 1 2 0 0 1
1389725821 320 55 5 26 30 6 27 3 0 0 14 0 7 4 3 1 2 0 0 1
1389735182 320 56 5 26 30 6 27 3 0 0 14 0 7 4 3 1 2 0 0 1
1389737708 320 56 5 26 30 6 27 3 0 0 14 0 7 4 3 1 2 0 0 1
1389739356 320 57 5 26 30 6 27 3 0 0 14 0 7 4 3 1 2 0 0 1
1389806969 320 57 5 26 30 6 27 3 0 0 14 1 7 4 3 1 2 0 0 1
1389822252 320 57 5 26 31 6 27 3 0 0 14 1 7 4 3 1 2 0 0 1
1389824312 320 57 5 26 32 6 27 3 0 0 14 1 7 4 3 1 2 0 0 1
1389825313 320 57 5 26 33 6 27 3 0 0 14 1 7 4 3 1 2 0 0 1
1389826649 320 58 5 26 33 6 27 3 0 0 14 1 7 4 3 1 2 0 0 1
1389877628 320 58 5 26 33 6 27 3 0 0 14 2 7 4 3 1 2 0 0 1
1390322955 320 58 5 26 33 6 27 3 0 0 14 3 7 4 3 1 2 0 0 1
1390347687 320 59 5 26 33 6 27 3 0 0 14 3 7 4 3 1 2 0 0 1
1390434884 320 60 5 26 33 6 27 3 0 0 14 3 7 4 3 1 2 0 0 1
1390437157 320 61 5 26 33 6 27 3 0 0 14 3 7 4 3 1 2 0 0 1
1390472293 320 61 6 26 33 6 27 3 0 0 14 3 7 4 3 1 2 0 0 1
1390474135 320 61 7 26 33 6 27 3 0 0 14 3 7 4 3 1 2 0 0 1
1390558823 320 61 8 26 33 6 27 3 0 0 14 3 7 4 3 1 2 0 0 1
1390560972 320 61 9 26 33 6 27 3 0 0 14 3 7 4 3 1 2 0 0 1
1390603693 320 61 9 26 34 6 27 3 0 0 14 3 7 4 3 1 2 0 0 1
1390847445 320 62 9 31 34 6 27 3 0 0 14 3 7 4 3 1 2 0 0 1
1390849088 320 62 9 32 34 6 27 3 0 0 14 3 7 4 3 1 2 0 0 1
1390849166 320 62 9 33 34 6 27 3 0 0 14 3 7 4 3 1 2 0 0 1
1390928553 320 63 9 33 34 6 27 3 0 0 14 3 7 4 3 1 2 0 0 1
1391106333 320 64 9 33 34 6 27 3 0 0 14 3 7 4 3 1 2 0 0 1
1391214086 320 64 9 33 34 7 27 3 0 0 14 3 7 4 3 1 2 0 0 1
1391214174 320 64 9 33 34 8 27 3 0 0 14 3 7 4 3 1 2 0 0 1
1391434196 320 64 10 33 34 8 27 3 0 0 14 3 7 4 3 1 2 0 0 1
1391442547 320 64 11 33 34 8 27 3 0 0 14 3 7 4 3 1 2 0 0 1
1391464790 320 64 12 33 34 8 27 3 0 0 14 3 7 4 3 1 2 0 0 1
1391465203 320 64 13 33 34 8 27 3 0 0 14 3 7 4 3 1 2 0 0 1
1391722651 320 65 13 33 34 8 27 3 0 0 14 3 7 4 3 1 2 0 0 1
1391727553 320 65 13 33 35 8 27 3 0 0 14 3 7 4 3 1 2 0 0 1
1392161440 320 66 13 33 35 8 27 3 0 0 14 3 7 4 3 1 2 0 0 1
1392293816 320 66 14 33 35 8 27 3 0 0 14 3 7 4 3 1 2 0 0 1
1392317412 320 66 15 33 35 8 27 3 0 0 14 3 7 4 3 1 2 0 0 1
1392320031 320 66 16 33 35 8 27 3 0 0 14 3 7 4 3 1 2 0 0 1
1392324757 320 66 17 33 35 8 27 3 0 0 14 3 7 4 3 1 2 0 0 1
1392328253 320 66 18 33 35 8 27 3 0 0 14 3 7 4 3 1 2 0 0 1
1392376190 320 66 19 33 35 8 27 3 0 0 14 3 7 4 3 1 2 0 0 1
1392461624 320 66 19 34 35 8 27 3 0 0 14 3 7 4 3 1 2 0 0 1
1392582935 320 67 19 34 35 8 27 3 0 0 14 3 7 4 3 1 2 0 0 1
1393153345 320 67 19 35 35 8 27 3 0 0 14 3 7 4 3 1 2 0 0 1
1393159844 320 67 19 36 35 8 27 3 0 0 14 4 7 4 3 1 2 0 0 1
1393358341 320 68 19 36 35 8 27 3 0 0 14 4 7 4 3 1 2 0 0 1
1393360558 320 69 19 36 35 8 27 3 0 0 14 4 7 4 3 1 2 0 0 1
1393366668 320 70 19 36 35 8 27 3 0 0 14 4 7 4 3 1 2 0 0 1
1393410860 320 70 20 36 35 8 27 3 0 0 14 4 7 4 3 1 2 0 0 1
1393413539 320 70 21 36 35 8 27 3 0 0 14 4 7 4 3 1 2 0 0 1
1393448563 320 70 22 36 35 8 27 3 0 0 14 4 7 4 3 1 2 0 0 1
1393453855 320 70 23 36 35 8 27 3 0 0 14 4 7 4 3 1 2 0 0 1
1393517755 320 70 24 36 35 8 27 3 0 0 14 4 7 4 3 1 2 0 0 1
1393531110 320 71 24 36 35 8 27 3 0 0 14 4 7 4 3 1 2 0 0 1
1393534906 320 71 25 36 35 8 27 3 0 0 14 4 7 4 3 1 2 0 0 1
1393543685 320 71 26 36 35 8 27 3 0 0 14 4 7 4 3 1 2 0 0 1
1393584910 320 71 27 36 35 8 27 3 0 0 14 4 7 4 3 1 2 0 0 1
1393604821 320 71 28 36 35 8 27 3 0 0 14 4 7 4 3 1 2 0 0 1
1393610501 320 71 29 36 35 8 27 3 0 0 14 4 7 4 3 1 2 0 0 1
1393616006 320 71 30 36 35 8 27 3 0 0 14 4 7 4 3 1 2 0 0 1
1393672164 320 71 31 40 35 8 27 3 0 0 14 4 7 4 3 1 2 0 0 1
1393754254 320 71 31 41 35 8 27 3 0 0 14 4 7 4 3 1 2 0 0 1
1393870704 320 72 31 41 35 8 27 3 0 0 14 4 7 4 3 1 2 0 0 1
1393887685 320 73 31 41 35 8 27 3 0 0 14 4 7 4 3 1 2 0 0 1
1393892128 320 74 31 41 35 8 27 3 0 0 14 4 7 4 3 1 2 0 0 1
1393942034 320 74 31 41 35 8 27 3 0 0 14 5 7 4 3 1 2 0 0 1
1393957892 320 75 31 41 35 8 27 3 0 0 14 5 7 4 3 1 2 0 0 1
1393972530 320 75 32 41 35 8 27 3 0 0 14 5 7 4 3 1 2 0 0 1
1393979586 320 76 32 41 35 8 27 3 0 0 14 5 7 4 3 1 2 0 0 1
1393979595 320 77 32 41 35 8 27 3 0 0 14 5 7 4 3 1 2 0 0 1
1394182937 320 77 33 41 35 8 27 3 0 0 14 5 7 4 3 1 2 0 0 1
1394212405 320 77 33 41 35 9 27 3 0 0 14 5 7 4 3 1 2 0 0 1
1394625460 320 77 34 41 35 9 27 3 0 0 14 5 7 4 3 1 2 0 0 1
1394639265 320 78 34 41 35 9 27 3 0 0 14 5 7 4 3 1 2 0 0 1
1394711999 320 78 35 41 35 9 27 3 0 0 14 5 7 4 3 1 2 0 0 1
1394736701 320 79 35 41 35 9 27 3 0 0 14 5 7 4 3 1 2 0 0 1
1394737356 320 79 36 41 35 9 27 3 0 0 14 5 7 4 3 1 2 0 0 1
1394739290 320 79 37 41 35 9 27 3 0 0 14 5 7 4 3 1 2 0 0 1
1394744757 320 79 38 41 35 9 27 3 0 0 14 5 7 4 3 1 2 0 0 1
1394748312 320 80 38 41 35 9 27 3 0 0 14 5 7 4 3 1 2 0 0 1
1394748321 320 81 38 41 35 9 27 3 0 0 14 5 7 4 3 1 2 0 0 1
1394748412 320 82 38 41 35 9 27 3 0 0 14 5 7 4 3 1 2 0 0 1
1394799544 320 82 39 41 35 9 27 3 0 0 14 5 7 4 3 1 2 0 0 1
1394799574 320 82 40 41 35 9 27 3 0 0 14 5 7 4 3 1 2 0 0 1
1394905237 320 82 41 41 35 9 27 3 0 0 14 5 7 4 3 1 2 0 0 1
1395066919 320 82 42 41 35 9 27 3 0 0 14 5 7 4 3 1 2 0 0 1
1395167753 320 83 42 41 35 9 27 3 0 0 14 5 7 4 3 1 2 0 0 1
1395177154 320 84 42 41 35 9 27 3 0 0 14 5 7 4 3 1 2 0 0 1
1395178461 320 84 43 41 35 9 27 3 0 0 14 6 7 4 3 1 2 0 0 1
1395331867 320 85 43 41 35 9 27 3 0 0 14 6 7 4 3 1 2 0 0 1
1395342283 320 85 43 41 35 9 27 3 0 0 14 6 7 4 3 1 2 0 1 1
1395343193 320 85 43 41 35 9 27 3 0 0 14 6 7 4 3 1 2 0 2 1
1395346186 320 85 44 41 35 9 27 3 0 0 14 6 7 4 3 1 2 0 2 1
1395349657 320 85 45 41 35 9 27 3 0 0 14 6 7 4 3 1 2 0 2 1
1395410202 320 85 46 41 35 9 27 3 0 0 14 6 7 4 3 1 2 0 2 1
1395428215 320 85 47 41 35 9 27 3 0 0 14 6 7 4 3 1 2 0 2 1
1395430888 320 85 48 41 35 9 27 3 0 0 14 6 7 4 3 1 2 0 2 1
1395437399 320 85 49 41 35 9 27 3 0 0 14 6 7 4 3 1 2 0 2 1
1395439765 320 85 50 41 35 9 27 3 0 0 14 6 7 4 3 1 2 0 2 1
1395488632 320 85 51 41 35 9 27 3 0 0 14 6 7 4 3 1 2 0 2 1
1395502722 320 85 52 41 35 9 27 3 0 0 14 6 7 4 3 1 2 0 2 1
1395608903 320 85 52 42 35 9 27 3 0 0 14 6 7 4 3 1 2 0 2 1
1395676929 320 86 52 42 35 9 27 3 0 0 14 6 7 4 3 1 2 0 2 1
1395676953 320 87 52 42 35 9 27 3 0 0 14 6 7 4 3 1 2 0 2 1
1395749305 320 87 53 42 35 9 27 3 0 0 14 6 7 4 3 1 2 0 2 1
1395844927 320 87 53 42 35 9 27 3 0 0 14 7 7 4 3 1 2 0 2 1
1395847244 320 87 53 42 35 9 27 3 0 0 14 8 7 4 3 1 2 0 2 1
1395900789 320 87 53 43 35 9 27 3 0 0 14 8 7 4 3 1 2 0 2 1
1395901706 320 87 53 44 35 9 27 3 0 0 14 8 7 4 3 1 2 0 2 1
1395940221 320 88 53 44 35 9 27 3 0 0 14 8 7 4 3 1 2 0 2 1
1395940364 320 89 53 44 35 9 27 3 0 0 14 8 7 4 3 1 2 0 2 1
1396012055 320 89 54 44 35 9 27 3 0 0 14 8 7 4 3 1 2 0 2 1
1396036085 320 90 54 44 35 9 27 3 0 0 14 8 7 4 3 1 2 0 2 1
1396036100 320 91 54 44 35 9 27 3 0 0 14 8 7 4 3 1 2 0 2 1
1396041398 320 91 55 44 35 9 27 3 0 0 14 8 7 4 3 1 2 0 2 1
1396180446 320 91 55 45 35 9 27 3 0 0 14 8 7 4 3 1 2 0 2 1
1396228102 320 92 55 45 35 9 27 3 0 0 14 8 7 4 3 1 2 0 2 1
1396245303 320 92 55 46 35 9 27 3 0 0 14 8 7 4 3 1 2 0 2 1
1396245402 320 92 55 47 35 9 27 3 0 0 14 8 7 4 3 1 2 0 2 1
1396247065 320 92 55 48 35 9 27 3 0 0 14 8 7 4 3 1 2 0 2 1
1396262060 320 92 56 48 35 9 27 3 0 0 14 8 7 4 3 1 2 0 2 1
1396281492 320 93 56 48 35 9 27 3 0 0 14 8 7 4 3 1 2 0 2 1
1396291511 320 94 56 48 35 9 27 3 0 0 14 8 7 4 3 1 2 0 2 1
1396298578 320 95 56 48 35 9 27 3 0 0 14 8 7 4 3 1 2 0 2 1
1396299242 320 96 56 48 35 9 27 3 0 0 14 8 7 4 3 1 2 0 2 1
1396304739 320 97 56 48 35 9 27 3 0 0 14 8 7 4 3 1 2 0 2 1
1396333324 320 97 56 49 35 9 27 3 0 0 14 8 7 4 3 1 2 0 2 1
1396336262 320 97 57 49 35 9 27 3 0 0 14 8 7 4 3 1 2 0 2 1
1396339825 320 97 58 49 35 9 27 3 0 0 14 8 7 4 3 1 2 0 2 1
1396345368 320 97 59 49 35 9 27 3 0 0 14 8 7 4 3 1 2 0 2 1
1396345917 320 97 60 49 35 9 27 3 0 0 14 8 7 4 3 1 2 0 2 1
1396351659 320 97 61 49 35 9 27 3 0 0 14 8 7 4 3 1 2 0 2 1
1396373040 320 97 62 49 35 9 27 3 0 0 14 8 7 4 3 1 2 0 2 1
1396387240 320 97 63 49 35 9 27 3 0 0 14 8 7 4 3 1 2 0 2 1
1396433546 320 97 64 49 35 9 27 3 0 0 14 8 7 4 3 1 2 0 2 1
1396452504 320 97 65 49 35 9 27 3 0 0 14 8 7 4 3 1 2 0 2 1
1396454940 320 97 66 49 35 9 27 3 0 0 14 8 7 4 3 1 2 0 2 1
1396475200 320 97 67 49 35 9 27 3 0 0 14 8 7 4 3 1 2 0 2 1
1396520858 320 97 68 49 35 9 27 3 0 0 14 8 7 4 3 1 2 0 2 1
1396523980 320 97 69 49 35 9 27 3 0 0 14 8 7 4 3 1 2 0 2 1
1396527411 320 97 70 49 35 9 27 3 0 0 14 8 7 4 3 1 2 0 2 1
1396553184 320 97 71 49 35 9 27 3 0 0 14 8 7 4 3 1 2 0 2 1
1396585040 320 98 71 49 35 9 27 3 0 0 14 8 7 4 3 1 2 0 2 1
1396591250 320 98 72 49 35 9 27 3 0 0 14 8 7 4 3 1 2 0 2 1
1396683387 320 98 72 50 35 9 27 3 0 0 14 8 7 4 3 1 2 0 2 1
1396685911 320 98 72 51 35 9 27 3 0 0 14 8 7 4 3 1 2 0 2 1
1396689137 320 98 72 52 35 9 27 3 0 0 14 8 7 4 3 1 2 0 2 1
1396689329 320 98 72 53 35 9 27 3 0 0 14 8 7 4 3 1 2 0 2 1
1396690295 320 98 72 54 35 9 27 3 0 0 14 8 7 4 3 1 2 0 2 1
1396771033 320 98 72 55 35 9 27 3 0 0 14 8 7 4 3 1 2 0 2 1
1396775069 320 98 72 56 35 9 27 3 0 0 14 8 7 4 3 1 2 0 2 1
1396778941 320 98 72 57 35 9 27 3 0 0 14 8 7 4 3 1 2 0 2 1
1396801041 320 99 72 57 35 9 27 3 0 0 14 8 7 4 3 1 2 0 2 1
1396891512 320 100 72 57 35 9 27 3 0 0 14 8 7 4 3 1 2 0 2 1
1396892323 320 101 72 57 35 9 27 3 0 0 14 8 7 4 3 1 2 0 2 1
1397027082 320 101 73 57 35 9 27 3 0 0 14 8 7 4 3 1 2 0 2 1
1397157530 320 102 73 57 35 9 27 3 0 0 14 8 7 4 3 1 2 0 2 1
1397369569 320 102 73 58 35 9 27 3 0 0 14 8 7 4 3 1 2 0 2 1
1397381155 320 102 73 59 35 9 27 3 0 0 14 8 7 4 3 1 2 0 2 1
1397496991 320 102 73 59 35 10 27 3 0 0 14 8 7 4 3 1 2 0 2 1
1397497716 320 102 73 59 35 11 27 3 0 0 14 8 7 4 3 1 2 0 2 1
1397576363 320 102 73 59 35 12 27 3 0 0 14 8 7 4 3 1 2 0 2 1
1397582865 320 103 73 59 35 12 27 3 0 0 14 8 7 4 3 1 2 0 2 1
1397588999 320 104 73 59 35 12 27 3 0 0 14 8 7 4 3 1 2 0 2 1
1397752389 320 104 73 59 35 12 27 3 1 0 14 8 7 4 3 1 2 0 2 1
1398107316 320 105 73 59 35 12 27 3 1 0 14 8 7 4 3 1 2 0 2 1
1398888736 320 105 73 59 35 12 27 3 3 0 14 8 7 4 3 1 2 0 2 1
1398889779 320 105 73 59 35 12 27 3 4 0 14 8 7 4 3 1 2 0 2 1
1398893656 320 106 73 59 35 12 27 3 4 0 14 8 7 4 3 1 2 0 2 1
1398893669 320 107 73 59 35 12 27 3 4 0 14 8 7 4 3 1 2 0 2 1
1399056621 320 107 73 60 35 12 27 3 4 0 14 8 7 4 3 1 2 0 2 1
1399056665 320 107 73 61 35 12 27 3 4 0 14 8 7 4 3 1 2 0 2 1
1399059267 320 107 73 62 35 12 27 3 4 0 14 8 7 4 3 1 2 0 2 1
1399125132 320 107 73 65 35 12 27 3 4 0 14 8 7 4 3 1 2 0 2 1
1399196356 320 107 73 66 35 12 27 3 4 0 14 8 7 4 3 1 2 0 2 1
1399196690 320 107 73 67 35 12 27 3 4 0 14 8 7 4 3 1 2 0 2 1
1399304781 320 108 73 67 35 12 27 3 4 0 14 8 7 4 3 1 2 0 2 1
1399413413 320 109 73 67 35 12 27 3 4 0 14 8 7 4 3 1 2 0 2 1
1399413446 320 110 73 67 35 12 27 3 4 0 14 8 7 4 3 1 2 0 2 1
1399416755 320 111 73 67 35 12 27 3 4 0 14 8 7 4 3 1 2 0 2 1
1399502381 320 112 73 67 35 12 27 3 4 0 14 8 7 4 3 1 2 0 2 1
1399502639 320 113 73 67 35 12 27 3 4 0 14 8 7 4 3 1 2 0 2 1
1399502823 320 114 73 67 35 12 27 3 4 0 14 8 7 4 3 1 2 0 2 1
1399503217 320 115 73 67 35 12 27 3 4 0 14 8 7 4 3 1 2 0 2 1
1399657714 320 116 73 67 35 12 27 3 4 0 14 8 7 4 3 1 2 0 2 1
1399795049 320 116 73 68 35 12 27 3 4 0 14 8 7 4 3 1 2 0 2 1
1399795452 320 116 73 69 35 12 27 3 4 0 14 8 7 4 3 1 2 0 2 1
1400085621 320 117 73 69 35 12 27 3 4 0 14 8 7 4 3 1 2 0 2 1
1400408131 320 117 73 70 35 12 27 3 4 0 14 8 7 4 3 1 2 0 2 1
1400596022 320 118 73 70 35 12 27 3 4 0 14 8 7 4 3 1 2 0 2 1
1400598235 320 119 73 70 35 12 27 3 4 0 14 8 7 4 3 1 2 0 2 1
1400609197 320 120 73 70 35 12 27 3 4 0 14 8 7 4 3 1 2 0 2 1
1400914785 320 120 73 71 35 12 27 3 4 0 14 8 7 4 3 1 2 0 2 1
1400923270 320 120 73 72 35 12 27 3 4 0 14 8 7 4 3 1 2 0 2 1
1400932662 320 120 73 73 35 12 27 3 4 0 14 8 7 4 3 1 2 0 2 1
1401025595 320 121 73 73 35 12 27 3 4 0 14 8 7 4 3 1 2 0 2 1
1401125658 320 121 73 74 35 12 27 3 4 0 14 8 7 4 3 1 2 0 2 1
1401147945 320 121 73 75 35 12 27 3 4 0 14 8 7 4 3 1 2 0 2 1
1401148243 320 121 73 76 35 12 27 3 4 0 14 8 7 4 3 1 2 0 2 1
1401627359 320 121 73 77 35 12 27 3 4 0 14 8 7 4 3 1 2 0 2 1
1401628467 320 121 73 78 35 12 27 3 4 0 14 8 7 4 3 1 2 0 2 1
1401664335 320 122 73 78 35 12 27 3 4 0 14 8 7 4 3 1 2 0 2 1
1401907710 320 122 74 78 35 12 27 3 4 0 14 8 7 4 3 1 2 0 2 1
1402145714 320 122 75 78 35 12 27 3 4 0 14 8 7 4 3 1 2 0 2 1
1402158873 320 122 76 78 35 12 27 3 4 0 14 8 7 4 3 1 2 0 2 1
1402234840 320 122 76 79 35 12 27 3 4 0 14 8 7 4 3 1 2 0 2 1
1402278439 320 123 76 79 35 12 27 3 4 0 14 8 7 4 3 1 2 0 2 1
1402360228 320 124 76 79 35 12 27 3 4 0 14 8 7 4 3 1 2 0 2 1
1402360464 320 125 76 79 35 12 27 3 4 0 14 8 7 4 3 1 2 0 2 1
1402380117 320 125 77 79 35 12 27 3 4 0 14 8 7 4 3 1 2 0 2 1
1402418919 320 125 78 79 35 12 27 3 4 0 14 8 7 4 3 1 2 0 2 1
1402430659 320 125 78 80 35 12 27 3 4 0 14 8 7 4 3 1 2 0 2 1
1402434897 320 125 78 81 35 12 27 3 4 0 14 8 7 4 3 1 2 0 2 1
1402436372 320 126 78 81 35 12 27 3 4 0 14 8 7 4 3 1 2 0 2 1
1402436393 320 127 78 81 35 12 27 3 4 0 14 8 7 4 3 1 2 0 2 1
1402438970 320 128 78 81 35 12 27 3 4 0 14 8 7 4 3 1 2 0 2 1
1402439248 320 128 79 81 35 12 27 3 4 0 14 8 7 4 3 1 2 0 2 1
1402439292 320 128 80 81 35 12 27 3 4 0 14 8 7 4 3 1 2 0 2 1
1402468510 320 128 81 81 35 12 27 3 4 0 14 8 7 4 3 1 2 0 2 1
1402483860 320 128 82 81 35 12 27 3 4 0 14 8 7 4 3 1 2 0 2 1
1402502378 320 129 82 81 35 12 27 3 4 0 14 8 7 4 3 1 2 0 2 1
1402531227 320 130 82 81 35 12 27 3 4 0 14 8 7 4 3 1 2 0 2 1
1402550843 320 130 83 81 35 12 27 3 4 0 14 8 7 4 3 1 2 0 2 1
1402597259 320 131 83 81 35 12 27 3 4 0 14 8 7 4 3 1 2 0 2 1
1402602441 320 132 83 81 35 12 27 3 4 0 14 8 7 4 3 1 2 0 2 1
1402695868 320 133 83 81 35 12 27 3 4 0 14 8 7 4 3 1 2 0 2 1
1402933407 320 133 84 81 35 12 27 3 4 0 14 8 7 4 3 1 2 0 2 1
1402946136 320 134 84 81 35 12 27 3 4 0 14 8 7 4 3 1 2 0 2 1
1402952687 320 135 84 81 35 12 27 3 4 0 14 8 7 4 3 1 2 0 2 1
1403045956 320 136 84 81 35 12 27 3 4 0 14 8 7 4 3 1 2 0 2 1
1403117623 320 137 84 81 35 12 27 3 4 0 14 8 7 4 3 1 2 0 2 1
1403126362 320 138 84 81 35 12 27 3 4 0 14 8 7 4 3 1 2 0 2 1
1403287936 320 139 84 81 35 12 27 3 4 0 14 8 7 4 3 1 2 0 2 1
1403433777 320 139 84 82 35 12 27 3 4 0 14 8 7 4 3 1 2 0 2 1
1403543398 320 140 84 82 35 12 27 3 4 0 14 8 7 4 3 1 2 0 2 1
1403636856 320 141 84 82 35 12 27 3 4 0 14 8 7 4 3 1 2 0 2 1
1403637051 320 142 84 82 35 12 27 3 4 0 14 8 7 4 3 1 2 0 2 1
1403637195 320 143 84 82 35 12 27 3 4 0 14 8 7 4 3 1 2 0 2 1
1404428353 320 143 84 82 35 12 27 4 4 0 14 8 7 4 3 1 2 0 2 1
1404940937 320 143 85 82 35 12 27 4 4 0 14 8 7 4 3 1 2 0 2 1
1404989976 320 143 86 82 35 12 27 4 4 0 14 8 7 4 3 1 2 0 2 1
1405037127 320 143 86 82 35 12 27 5 4 0 14 8 7 4 3 1 2 0 2 1
1405040540 320 143 86 82 35 12 27 6 4 0 14 8 7 4 3 1 2 0 2 1
1405061687 320 143 87 82 35 12 27 6 4 0 14 8 7 4 3 1 2 0 2 1
1405122133 320 143 87 82 35 12 27 7 4 0 14 8 7 4 3 1 2 0 2 1
1405122164 320 143 87 82 35 12 27 8 4 0 14 8 7 4 3 1 2 0 2 1
1405124446 320 143 87 82 35 12 27 9 4 0 14 8 7 4 3 1 2 0 2 1
1405370082 320 143 87 82 35 12 27 10 4 0 14 8 7 4 3 1 2 0 2 1
1405450307 320 143 87 82 35 12 27 11 4 0 14 8 7 4 3 1 2 0 2 1
1405676141 320 143 88 82 35 12 27 11 4 0 14 8 7 4 3 1 2 0 2 1
1406026578 320 143 89 82 35 12 27 11 4 0 14 8 7 4 3 1 2 0 2 1
1406304178 320 143 90 82 35 12 27 11 4 0 14 8 7 4 3 1 2 0 2 1
1406304479 320 143 91 82 35 12 27 11 4 0 14 8 7 4 3 1 2 0 2 1
1406624333 320 143 92 82 35 12 27 11 4 0 14 8 7 4 3 1 2 0 2 1
1406655026 320 143 92 82 35 12 27 12 4 0 14 8 7 4 3 1 2 0 2 1
1406673437 320 143 93 82 35 12 27 12 4 0 14 8 7 4 3 1 2 0 2 1
1406673465 320 143 94 82 35 12 27 12 4 0 14 8 7 4 3 1 2 0 2 1
1406676476 320 143 94 82 35 12 27 13 4 0 14 8 7 4 3 1 2 0 2 1
1406676488 320 143 94 82 35 12 27 14 4 0 14 8 7 4 3 1 2 0 2 1
1406678529 320 143 94 82 35 12 27 15 4 0 14 8 7 4 3 1 2 0 2 1
1406737645 320 143 94 82 35 12 27 16 4 0 14 8 7 4 3 1 2 0 2 1
1406740317 320 143 94 82 35 12 27 17 4 0 14 8 7 4 3 1 2 0 2 1
1406745242 320 143 94 82 35 12 27 18 4 0 14 8 7 4 3 1 2 0 2 1
1406764480 320 143 94 82 35 12 27 19 4 0 14 8 7 4 3 1 2 0 2 1
1406826085 320 143 94 82 35 12 27 20 4 0 14 8 7 4 3 1 2 0 2 1
1406828475 320 143 94 82 35 12 27 21 4 0 14 8 7 4 3 1 2 0 2 1
1406834684 320 143 95 82 35 12 27 21 4 0 14 8 7 4 3 1 2 0 2 1
1406842306 320 143 95 82 35 12 27 21 4 1 14 8 7 4 3 1 2 0 2 1
1406843746 320 143 96 82 35 12 27 21 4 1 14 8 7 4 3 1 2 0 2 1
1406893735 320 143 97 82 35 12 27 21 4 1 14 8 7 4 3 1 2 0 2 1
1406911017 320 143 98 82 35 12 27 21 4 1 14 8 7 4 3 1 2 0 2 1
1406911094 320 143 99 82 35 12 27 21 4 1 14 8 7 4 3 1 2 0 2 1
1406911118 320 143 100 82 35 12 27 21 4 1 14 8 7 4 3 1 2 0 2 1
1406915255 320 143 101 82 35 12 27 21 4 1 14 8 7 4 3 1 2 0 2 1
1406924617 320 143 102 82 35 12 27 21 4 1 14 8 7 4 3 1 2 0 2 1
1406924654 320 143 102 82 35 13 27 21 4 1 14 8 7 4 3 1 2 0 2 1
1406924665 320 143 103 82 35 13 27 21 4 1 14 8 7 4 3 1 2 0 2 1
1407181114 320 143 104 82 35 13 27 21 4 1 14 8 7 4 3 1 2 0 2 1
1407262459 320 143 105 82 35 13 27 21 4 1 14 8 7 4 3 1 2 0 2 1
1407433038 320 143 106 82 35 13 27 21 4 1 14 8 7 4 3 1 2 0 2 1
1407452511 320 143 107 82 35 13 27 21 4 1 14 8 7 4 3 1 2 0 2 1
1407454285 320 143 107 82 35 13 27 21 4 2 14 8 7 4 3 1 2 0 2 1
1407454377 320 143 108 82 35 13 27 21 4 2 14 8 7 4 3 1 2 0 2 1
1407456573 320 143 109 82 35 13 27 21 4 2 14 8 7 4 3 1 2 0 2 1
1407460224 320 143 110 82 35 13 27 21 4 2 14 8 7 4 3 1 2 0 2 1
1407795849 320 143 110 82 35 14 27 21 4 2 14 8 7 4 3 1 2 0 2 1
1407876433 320 143 110 82 35 15 27 21 4 2 14 8 7 4 3 1 2 0 2 1
1407876449 320 143 110 82 35 16 27 21 4 2 14 8 7 4 3 1 2 0 2 1
1407878402 320 143 110 82 35 17 27 21 4 2 14 8 7 4 3 1 2 0 2 1
1407941198 320 143 110 82 35 18 27 21 4 2 14 8 7 4 3 1 2 0 2 1
1407941595 320 143 110 82 35 19 27 21 4 2 14 8 7 4 3 1 2 0 2 1
1408143146 320 143 110 82 35 20 27 21 4 2 14 8 7 4 3 1 2 0 2 1
1408280843 320 143 110 83 35 20 27 21 4 2 14 8 7 4 3 1 2 0 2 1
1408463032 320 143 110 83 35 21 27 21 4 2 14 8 7 4 3 1 2 0 2 1
1408563381 320 143 110 83 35 22 27 21 4 2 14 8 7 4 3 1 2 0 2 1
1409079421 320 143 110 83 36 22 27 21 4 2 14 8 7 4 3 1 2 0 2 1
1409138490 320 143 110 83 36 22 27 21 4 2 14 8 7 4 3 2 2 0 2 1
1409246853 320 143 110 83 36 23 27 21 4 2 14 8 7 4 3 2 2 0 2 1
1409515810 320 143 111 83 36 23 27 21 4 2 14 8 7 4 3 2 2 0 2 1
1409516859 320 143 112 83 36 23 27 21 4 2 14 8 7 4 3 2 2 0 2 1
1409520904 320 143 113 83 36 23 27 21 4 2 14 8 7 4 3 2 2 0 2 1
1409575051 320 143 114 83 36 23 27 21 4 2 14 8 7 4 3 2 2 0 2 1
1409590007 320 143 115 83 36 23 27 21 4 2 14 8 7 4 3 2 2 0 2 1
1409643050 320 143 116 83 36 23 27 21 4 2 14 8 7 4 3 2 2 0 2 1
1409676073 320 143 116 83 36 24 27 21 4 2 14 8 7 4 3 2 2 0 2 1
1409735885 320 143 117 83 36 24 27 21 4 2 14 8 7 4 3 2 2 0 2 1
1409941818 320 143 117 83 36 25 27 21 4 2 14 8 7 4 3 2 2 0 2 1
1410081301 320 143 117 84 36 25 27 21 4 2 14 8 7 4 3 2 2 0 2 1
1410280765 320 143 118 84 36 25 27 21 4 2 14 8 7 4 3 2 2 0 2 1
1410533872 320 143 118 84 36 25 27 21 5 2 14 8 7 4 3 2 2 0 2 1
1410534097 320 143 118 84 36 25 27 21 6 2 14 8 7 4 3 2 2 0 2 1
1410679854 320 143 118 85 36 25 27 21 6 2 14 8 7 4 3 2 2 0 2 1
1410689077 320 143 118 86 36 25 27 21 6 2 14 8 7 4 3 2 2 0 2 1
1410887690 320 143 118 86 36 26 27 21 6 2 14 8 7 4 3 2 2 0 2 1
1410897015 320 143 118 86 36 26 27 21 6 3 14 8 7 4 3 2 2 0 2 1
1410999143 320 143 118 86 36 27 27 21 6 3 14 8 7 4 3 2 2 0 2 1
1410999795 320 143 118 86 36 28 27 21 6 3 14 8 7 4 3 2 2 0 2 1
1411053301 320 143 118 86 36 29 27 21 6 3 14 8 7 4 3 2 2 0 2 1
1411293440 320 143 118 87 36 29 27 21 6 3 14 8 7 4 3 2 2 0 2 1
1411293783 320 143 118 88 36 29 27 21 6 3 14 8 7 4 3 2 2 0 2 1
1411570510 320 143 118 88 36 29 27 21 6 3 14 8 7 4 3 2 2 1 2 1
1411573517 320 143 118 88 36 29 27 21 6 3 14 8 7 4 3 2 2 2 2 1
1411662284 320 143 118 88 36 29 27 21 6 4 14 8 7 4 3 2 2 2 2 1
1411747912 320 143 118 88 36 29 27 21 6 5 14 8 7 4 3 2 2 2 2 1
1412690046 320 143 119 88 36 29 27 21 6 5 14 8 7 4 3 2 2 2 2 1
1413213746 320 143 119 88 36 30 27 21 6 5 14 8 7 4 3 2 2 2 2 1
1413462901 320 143 120 88 36 30 27 21 6 5 14 8 7 4 3 2 2 2 2 1
1413487052 320 143 121 88 36 30 27 21 6 5 14 8 7 4 3 2 2 2 2 1
1413755330 320 143 122 88 36 30 27 21 6 5 14 8 7 4 3 2 2 2 2 1
1413843829 320 143 123 88 36 30 27 21 6 5 14 8 7 4 3 2 2 2 2 1
1413844066 320 143 124 88 36 30 27 21 6 5 14 8 7 4 3 2 2 2 2 1
1413852410 320 143 125 88 36 30 27 21 6 5 14 8 7 4 3 2 2 2 2 1
1413976175 320 143 126 88 36 30 27 21 6 5 14 8 7 4 3 2 2 2 2 1
1414067616 320 143 127 88 36 30 27 21 6 5 14 8 7 4 3 2 2 2 2 1
1414102902 320 143 128 88 36 30 27 21 6 5 14 8 7 4 3 2 2 2 2 1
1414623197 320 143 128 88 36 30 27 22 6 5 14 8 7 4 3 2 2 2 2 1
1414713699 320 143 128 88 36 30 27 23 6 5 14 8 7 4 3 2 2 2 2 1
1414715532 320 143 128 88 36 30 27 24 6 5 14 8 7 4 3 2 2 2 2 1
1414775099 320 143 128 88 36 30 27 25 6 5 14 8 7 4 3 2 2 2 2 1
1415026894 320 143 128 88 36 30 27 25 7 5 14 8 7 4 3 2 2 2 2 1
1415029034 320 143 128 88 36 30 27 25 8 5 14 8 7 4 3 2 2 2 2 1
1415779665 320 143 129 88 36 30 27 25 8 5 14 8 7 4 3 2 2 2 2 1
1416507048 320 143 130 88 36 30 27 25 8 5 14 8 7 4 3 2 2 2 2 1
1416729434 320 143 131 88 36 30 27 25 8 5 14 8 7 4 3 2 2 2 2 1
1421163982 320 143 132 88 36 30 27 25 8 5 14 8 7 4 3 2 2 2 2 1
1421262695 320 143 133 88 36 30 27 25 8 5 14 8 7 4 3 2 2 2 2 1
1421262966 320 143 133 88 36 30 27 25 8 6 14 8 7 4 3 2 2 2 2 1
1421856827 320 143 134 88 36 30 27 25 8 6 14 8 7 4 3 2 2 2 2 1
1422281765 320 143 135 88 36 30 27 25 8 6 14 8 7 4 3 2 2 2 2 1
1422471679 320 143 135 88 36 30 27 25 8 7 14 8 7 4 3 2 2 2 2 1
1422891485 320 143 136 88 36 30 27 25 8 7 14 8 7 4 3 2 2 2 2 1
1422897236 320 143 137 88 36 30 27 25 8 7 14 8 7 4 3 2 2 2 2 1
1423744384 320 143 137 88 36 30 27 25 8 8 14 8 7 4 3 2 2 2 2 1
1423746315 320 143 137 88 36 30 27 25 8 9 14 8 7 4 3 2 2 2 2 1
1425576496 320 143 137 88 36 30 27 25 8 10 14 8 7 4 3 2 2 2 2 1
1425991243 320 143 137 88 36 30 27 25 8 11 14 8 7 4 3 2 2 2 2 1
1425996845 320 143 137 88 36 30 27 25 8 12 14 8 7 4 3 2 2 2 2 1
1425997018 320 143 137 88 36 30 27 25 8 13 14 8 7 4 3 2 2 2 2 1
1426867749 320 143 137 88 36 30 27 25 9 13 14 8 7 4 3 2 2 2 2 1
1426869447 320 143 137 88 36 30 27 25 10 13 14 8 7 4 3 2 2 2 2 1
1426869470 320 143 137 88 36 30 27 25 11 13 14 8 7 4 3 2 2 2 2 1
1427096310 320 143 137 88 36 30 27 25 11 14 14 8 7 4 3 2 2 2 2 1
1427127812 320 143 137 88 36 30 27 25 12 14 14 8 7 4 3 2 2 2 2 1
1427213990 320 143 137 88 36 30 27 25 12 15 14 8 7 4 3 2 2 2 2 1
1427727226 320 143 138 88 36 30 27 25 12 15 14 8 7 4 3 2 2 2 2 1
1430857371 320 143 138 88 36 30 27 25 13 15 14 8 7 4 3 2 2 2 2 1
1430859209 320 143 138 88 36 30 27 25 14 15 14 8 7 4 3 2 2 2 2 1
1430859509 320 143 138 88 36 30 27 25 15 15 14 8 7 4 3 2 2 2 2 1
1430859837 320 143 138 88 36 30 27 25 16 15 14 8 7 4 3 2 2 2 2 1
1430860763 320 143 138 88 36 30 27 25 17 15 14 8 7 4 3 2 2 2 2 1
