1366929069 2
1366929217 8446
1366929556 22712
1366929813 45859
1366930130 62072
1366930285 93629
1366930436 104444
1366930463 82814
1367279787 114213
1367341649 114217
1367363336 129190
1367522274 129544
1367967595 132892
1368062052 133134
1368215129 133215
1368221441 133063
1368223282 133036
1368225027 133130
1368228310 133162
1368471482 133148
1368476778 133148
1368478771 133148
1368509530 133066
1368510020 135603
1368552411 135627
1368552585 135627
1368552619 136737
1368555447 136743
1368556407 136755
1368557661 136792
1368557692 136801
1368563644 136829
1368568676 136903
1368568687 136939
1368574415 136862
1368574462 136859
1368575073 136828
1369172735 136900
1369172796 136902
1369174667 136923
1369174763 136943
1369174780 136962
1369249738 136958
1369249766 136956
1369251505 136958
1369700475 136957
1369708647 137017
1369713807 136948
1369718225 165585
1369725369 165340
1369762747 165372
1369762803 165218
1369766194 165237
1369767461 165259
1369794628 165266
1369797618 173155
1369805734 173211
1369806216 173219
1369807301 165380
1369808726 165404
1370297521 165543
1370380740 206710
1370472223 158078
1370476935 158090
1370664205 158216
1370664523 158213
1370887970 158371
1370891998 115582
1370892103 115581
1370975232 115679
1370989316 115805
1371015291 115729
1371016489 115729
1371016526 115755
1371057309 115835
1371073660 107651
1371075303 107651
1371178078 107651
1371777255 107845
1371786710 107918
1371792704 107922
1371796693 107936
1371832150 107936
1372052454 108374
1372103315 108467
1372106828 108412
1372112440 108427
1372117388 108418
1372304191 108898
1372304452 108898
1372310961 108935
1372310993 108933
1372311091 108938
1372356049 108946
1372376615 108955
1372380512 108957
1372448526 122037
1372448646 109178
1372448720 109179
1372783125 106400
1372875062 107522
1372960439 107950
1373322959 107951
1373326968 107924
1373328303 107925
1373399337 107949
1373407922 108086
1373414768 108186
1374691781 75874
1375914896 90544
1377215779 93320
1377560772 100160
1377561261 100196
1379008109 100191
1379008141 94555
1379110954 94555
1380908288 94442
1382599059 94286
1387568107 41936
1398888736 43725
1398893656 43725
1398893669 43725
1410533872 28982
1410534097 28982
1426869447 18913
1427127812 18913
1430859509 18915
1430859837 18915
1430860763 18915
