1343764288 0 0 0 0 0 0 0 0 0 0 4 0 0 0 0 0 0 0 0 0
1343846765 565 0 0 0 0 0 0 0 0 0 4 0 0 0 0 0 0 0 0 0
1343927815 1632 0 0 0 0 0 0 0 0 0 4 0 0 0 0 0 0 0 0 0
1343950599 1836 0 0 0 0 0 0 0 0 0 4 0 0 0 0 0 0 0 0 0
1344181742 2076 0 0 0 0 0 0 0 0 0 4 0 0 0 0 0 0 0 0 0
1344196610 2104 0 0 0 0 0 0 0 0 0 4 0 0 0 0 0 0 0 0 0
1344355461 2110 0 0 0 0 0 0 0 0 0 4 0 0 0 0 0 0 0 0 0
1344358014 2173 0 0 0 0 0 0 0 0 0 4 0 0 0 0 0 0 0 0 0
1344364719 2303 0 0 0 0 0 0 0 0 0 4 0 0 0 0 0 0 0 0 0
1344368192 2387 0 0 0 0 0 0 0 0 0 4 0 0 0 0 0 0 0 0 0
1345162368 2543 0 0 0 0 0 0 0 0 0 4 0 0 0 0 0 0 0 0 0
1345164548 3469 0 0 0 0 0 0 0 0 0 4 0 0 0 0 0 0 0 0 0
1345244584 3557 0 0 0 0 0 0 0 0 0 4 0 0 0 0 0 0 0 0 0
1345412776 4120 0 0 0 0 0 0 0 0 0 4 0 0 0 0 0 0 0 0 0
1345416179 4169 0 0 0 0 0 0 0 0 0 4 0 0 0 0 0 0 0 0 0
1345417870 4274 0 0 0 0 0 0 0 0 0 4 0 0 0 0 0 0 0 0 0
1345487792 4274 0 0 0 0 0 0 0 0 0 4 0 0 0 0 0 0 0 0 0
1345499422 4368 0 0 0 0 0 0 0 0 0 4 0 0 0 0 0 0 0 0 0
1345658513 4497 0 0 0 0 0 0 0 0 0 4 0 0 0 0 0 0 0 0 0
1345659165 4504 0 0 0 0 0 0 0 0 0 4 0 0 0 0 0 0 0 0 0
1345659293 4508 0 0 0 0 0 0 0 0 0 4 0 0 0 0 0 0 0 0 0
1345659538 4523 0 0 0 0 0 0 0 0 0 4 0 0 0 0 0 0 0 0 0
1345659604 4532 0 0 0 0 0 0 0 0 0 4 0 0 0 0 0 0 0 0 0
1345659665 4536 0 0 0 0 0 0 0 0 0 4 0 0 0 0 0 0 0 0 0
1345660003 4551 0 0 0 0 0 0 0 0 0 4 0 0 0 0 0 0 0 0 0
1345660051 4557 0 0 0 0 0 0 0 0 0 4 0 0 0 0 0 0 0 0 0
1345660121 4565 0 0 0 0 0 0 0 0 0 4 0 0 0 0 0 0 0 0 0
1345661399 4593 0 0 0 0 0 0 0 0 0 4 0 0 0 0 0 0 0 0 0
1345661491 4596 0 0 0 0 0 0 0 0 0 4 0 0 0 0 0 0 0 0 0
1345661632 4597 0 0 0 0 0 0 0 0 0 4 0 0 0 0 0 0 0 0 0
1345661669 4598 0 0 0 0 0 0 0 0 0 4 0 0 0 0 0 0 0 0 0
1345671103 4607 0 0 0 0 0 0 0 0 0 4 0 0 0 0 0 0 0 0 0
1345671202 4608 0 0 0 0 0 0 0 0 0 4 0 0 0 0 0 0 0 0 0
1345671372 4609 0 0 0 0 0 0 0 0 0 4 0 0 0 0 0 0 0 0 0
1345675216 4660 0 0 0 0 0 0 0 0 0 4 0 0 0 0 0 0 0 0 0
1345675338 4662 0 0 0 0 0 0 0 0 0 4 0 0 0 0 0 0 0 0 0
1345675732 4664 0 0 0 0 0 0 0 0 0 4 0 0 0 0 0 0 0 0 0
1345675845 4670 0 0 0 0 0 0 0 0 0 4 0 0 0 0 0 0 0 0 0
1345675921 4685 0 0 0 0 0 0 0 0 0 4 0 0 0 0 0 0 0 0 0
1345676065 4686 0 0 0 0 0 0 0 0 0 4 0 0 0 0 0 0 0 0 0
1345676233 4688 0 0 0 0 0 0 0 0 0 4 0 0 0 0 0 0 0 0 0
1345676734 4689 0 0 0 0 0 0 0 0 0 4 0 0 0 0 0 0 0 0 0
1345677184 4694 0 0 0 0 0 0 0 0 0 4 0 0 0 0 0 0 0 0 0
1345677255 4695 0 0 0 0 0 0 0 0 0 4 0 0 0 0 0 0 0 0 0
1345677342 4696 0 0 0 0 0 0 0 0 0 4 0 0 0 0 0 0 0 0 0
1346102919 4696 0 0 0 0 0 0 0 0 0 4 0 0 0 0 0 0 0 0 2
1346259307 4696 0 0 0 0 0 0 0 0 0 4 0 0 0 0 0 0 0 0 2
1346452939 4697 0 0 0 0 0 0 0 0 0 4 0 0 0 0 0 0 0 0 2
1346799226 5564 0 0 0 0 0 0 0 0 0 4 0 0 0 0 0 0 0 0 2
1346801844 5579 0 0 0 0 0 0 0 0 0 4 0 0 0 0 0 0 0 0 2
1346870301 5745 0 0 0 0 0 0 0 0 0 4 0 0 0 0 0 0 0 0 2
1346872009 5870 0 0 0 0 0 0 0 0 0 4 0 0 0 0 0 0 0 0 2
1346882022 6320 0 0 0 0 0 0 0 0 0 4 0 0 0 0 0 0 0 0 2
1346882362 6320 0 0 0 0 0 0 0 0 0 4 0 0 0 0 0 0 0 0 2
1346882476 6320 0 0 0 0 0 0 0 0 0 4 0 0 0 0 0 0 0 0 2
1346883022 6320 0 0 0 0 0 0 0 0 0 4 0 0 0 0 0 0 0 0 2
1346889721 6487 0 0 0 0 0 0 0 0 0 4 0 0 0 0 0 0 0 0 2
1346963383 6546 0 0 0 0 0 0 0 0 0 4 0 0 0 0 0 0 0 0 2
1346973001 6547 0 0 0 0 0 0 0 0 0 4 0 0 0 0 0 0 0 0 2
1347305239 6639 0 0 0 0 0 0 0 0 0 4 0 0 0 0 0 0 0 0 2
1347384822 6673 0 0 0 0 0 0 0 0 0 4 0 0 0 0 0 0 0 0 2
1347470710 6852 0 0 0 0 0 0 0 0 0 4 0 0 0 0 0 0 0 0 2
1347489115 6891 0 0 0 0 0 0 0 0 0 4 0 0 0 0 0 0 0 0 2
1347567438 6910 0 0 0 0 0 0 0 0 0 4 0 0 0 0 0 0 0 0 2
1347567629 6912 0 0 0 0 0 0 0 0 0 4 0 0 0 0 0 0 0 0 2
1347581083 7065 0 0 0 0 0 0 0 0 0 4 0 0 0 0 0 0 0 0 2
1347581741 7078 0 0 0 0 0 0 0 0 0 4 0 0 0 0 0 0 0 0 2
1347648802 7280 0 0 0 0 0 0 0 0 0 4 0 0 0 0 0 0 0 0 2
1347915962 7389 0 0 0 0 0 0 0 0 0 4 0 0 0 0 0 0 0 0 2
1348953201 7389 0 0 0 0 0 0 0 0 0 4 0 0 16 0 0 0 0 0 2
1348953972 7389 0 0 0 0 0 0 0 0 0 4 0 0 29 0 0 0 0 0 2
1348954341 7389 0 0 0 0 0 0 0 0 0 4 0 0 47 0 0 0 0 0 2
1348955807 7389 0 0 0 0 0 0 0 0 0 4 0 0 106 0 0 0 0 0 2
1349221281 7427 0 0 0 0 0 0 0 0 0 4 0 0 106 0 0 0 0 0 2
1349221344 7427 0 0 0 0 0 0 0 0 0 4 0 0 106 0 0 0 0 0 2
1349221592 7430 0 0 0 0 0 0 0 0 0 4 0 0 106 0 0 0 0 0 2
1349221771 7432 0 0 0 0 0 0 0 0 0 4 0 0 106 0 0 0 0 0 2
1349299363 7496 0 0 0 0 0 0 0 0 0 4 0 0 106 0 0 0 0 0 2
1349306488 7550 0 0 0 0 0 0 0 0 0 4 0 0 106 0 0 0 0 0 2
1349306530 7550 0 0 0 0 0 0 0 0 0 4 0 0 106 0 0 0 0 0 2
1350331518 9866 0 0 0 0 0 0 0 0 0 4 0 0 106 0 0 0 0 0 2
1350341829 9960 0 0 0 0 0 0 0 0 0 4 0 0 106 0 0 0 0 0 2
1351018918 10267 0 0 0 0 0 0 0 0 0 4 0 0 106 0 0 0 0 0 2
1351023651 10347 0 0 0 0 0 0 0 0 0 4 0 0 106 0 0 0 0 0 2
1351030976 10468 0 0 0 0 0 0 0 0 0 4 0 0 106 0 0 0 0 0 2
1351621369 10492 0 0 0 0 0 0 0 0 0 4 0 0 106 0 0 0 0 0 2
1351621530 10493 0 0 0 0 0 0 0 0 0 4 0 0 106 0 0 0 0 0 2
1354834133 10585 0 0 0 0 0 0 0 0 0 4 0 0 106 0 0 0 0 0 2
1354839698 10677 0 0 0 0 0 0 0 0 0 4 0 0 106 0 0 0 0 0 2
1355178648 10808 0 0 0 0 0 0 0 0 0 4 0 0 106 0 0 0 0 0 2
1358245254 10808 0 0 0 0 0 0 0 0 0 4 0 0 106 0 0 1 0 0 2
1358245430 10808 0 0 0 0 0 0 0 0 0 4 0 0 106 0 0 2 0 0 2
1358276765 10808 0 0 0 0 0 0 0 0 0 4 0 0 106 0 0 2 0 0 2
1361296840 10861 0 0 0 0 0 0 0 0 0 4 0 0 106 0 0 2 0 0 2
1361297012 10896 0 0 0 0 0 0 0 0 0 4 0 0 106 0 0 2 0 0 2
1362434628 10896 0 0 0 0 0 0 0 0 0 6 0 0 106 0 0 2 0 0 2
1362511585 26596 0 0 0 0 0 0 0 0 0 6 0 0 106 0 0 2 0 0 2
1362524919 26989 0 0 0 0 0 0 0 0 0 6 0 0 106 0 0 2 0 0 2
1362598920 27027 0 0 0 0 0 0 0 0 0 6 0 0 106 0 0 2 0 0 2
1362599468 27053 0 0 0 0 0 0 0 0 0 6 0 0 106 0 0 2 0 0 2
1362606370 27100 0 0 0 0 0 0 0 0 0 6 0 0 106 0 0 2 0 0 2
1362606436 27133 0 0 0 0 0 0 0 0 0 6 0 0 106 0 0 2 0 0 2
1362616569 27140 0 0 0 0 0 0 0 0 0 6 0 0 106 0 0 2 0 0 2
1362616607 27147 0 0 0 0 0 0 0 0 0 6 0 0 106 0 0 2 0 0 2
1363043820 27820 0 0 0 0 0 0 0 0 0 6 0 0 106 0 0 2 0 0 2
1363115389 28119 0 0 0 0 0 0 0 0 0 6 0 0 106 0 0 2 0 0 2
1363115612 28134 0 0 0 0 0 0 0 0 0 6 0 0 106 0 0 2 0 0 2
1363123496 28364 0 0 0 0 0 0 0 0 0 6 0 0 106 0 0 2 0 0 2
1363124047 28371 0 0 0 0 0 0 0 0 0 6 0 0 106 0 0 2 0 0 2
1363298213 28371 0 0 0 0 0 0 0 0 0 6 0 0 106 2 0 2 0 0 2
1363299835 28519 0 0 0 0 0 0 0 0 0 6 0 0 106 2 0 2 0 0 2
1363299994 41326 0 0 0 0 0 0 0 0 0 6 0 0 106 2 0 2 0 0 2
1363302172 42277 0 0 0 0 0 0 0 0 0 6 0 0 106 2 0 2 0 0 2
1363642255 42278 0 0 0 0 0 0 0 0 0 6 0 0 106 2 0 2 0 0 2
1363645086 42309 0 0 0 0 0 0 0 0 0 6 0 0 106 2 0 2 0 0 2
1363714507 42323 0 0 0 0 0 0 0 0 0 6 0 0 106 2 0 2 0 0 2
1363715320 42354 0 0 0 0 0 0 0 0 0 6 0 0 106 2 0 2 0 0 2
1363747990 43163 0 0 0 0 0 0 0 0 0 6 0 0 106 2 0 2 0 0 2
1363810138 43165 0 0 0 0 0 0 0 0 0 6 0 0 106 2 0 2 0 0 2
1363812662 43293 0 0 0 0 0 0 0 0 0 6 0 0 106 2 0 2 0 0 2
1363813464 43606 0 0 0 0 0 0 0 0 0 6 0 0 106 2 0 2 0 0 2
1363819291 43905 0 0 0 0 0 0 0 0 0 6 0 0 106 2 0 2 0 0 2
1363899939 43905 0 0 0 0 0 0 0 0 0 6 0 0 106 4 0 2 0 0 2
1363901895 57190 0 0 0 0 0 0 0 0 0 6 0 0 106 4 0 2 0 0 2
1363904523 57190 0 0 0 0 0 0 0 0 0 6 0 0 106 6 0 2 0 0 2
1363973501 59232 0 0 0 0 0 0 0 0 0 6 0 0 106 6 0 2 0 0 2
1363988374 73530 0 0 0 0 0 0 0 0 0 6 0 0 106 6 0 2 0 0 2
1363988762 73539 0 0 0 0 0 0 0 0 0 6 0 0 106 6 0 2 0 0 2
1363988913 73573 0 0 0 0 0 0 0 0 0 6 0 0 106 6 0 2 0 0 2
1364059643 73580 0 0 0 0 0 0 0 0 0 6 0 0 106 6 0 2 0 0 2
1364063338 73730 0 0 0 0 0 0 0 0 0 6 0 0 106 6 0 2 0 0 2
1364078994 76081 0 0 0 0 0 0 0 0 0 6 0 0 106 6 0 2 0 0 2
1364160846 76153 0 0 0 0 0 0 0 0 0 6 0 0 106 6 0 2 0 0 2
1364186081 78487 0 0 0 0 0 0 0 0 0 6 0 0 106 6 0 2 0 0 2
1364399326 79613 0 0 0 0 0 0 0 0 0 6 0 0 106 6 0 2 0 0 2
1364404069 79674 0 0 0 0 0 0 0 0 0 6 0 0 106 6 0 2 0 0 2
1364405069 79690 0 0 0 0 0 0 0 0 0 6 0 0 106 6 0 2 0 0 2
1364406488 79729 0 0 0 0 0 0 0 0 0 6 0 0 106 6 0 2 0 0 2
1364421101 79824 0 0 0 0 0 0 0 0 0 6 0 0 106 6 0 2 0 0 2
1364421312 79849 0 0 0 0 0 0 0 0 0 6 0 0 106 6 0 2 0 0 2
1364422981 79942 0 0 0 0 0 0 0 0 0 6 0 0 106 6 0 2 0 0 2
1364498307 79954 0 0 0 0 0 0 0 0 0 6 0 0 106 6 0 2 0 0 2
1364498371 79957 0 0 0 0 0 0 0 0 0 6 0 0 106 6 0 2 0 0 2
1364498906 79960 0 0 0 0 0 0 0 0 0 6 0 0 106 6 0 2 0 0 2
1364499011 79988 0 0 0 0 0 0 0 0 0 6 0 0 106 6 0 2 0 0 2
1364505785 80159 0 0 0 0 0 0 0 0 0 6 0 0 106 6 0 2 0 0 2
1364511202 80272 0 0 0 0 0 0 0 0 0 6 0 0 106 6 0 2 0 0 2
1364515224 80330 0 0 0 0 0 0 0 0 0 6 0 0 106 6 0 2 0 0 2
1364923013 80344 0 0 0 0 0 0 0 0 0 6 0 0 106 6 0 2 0 0 2
1364924032 80352 0 0 0 0 0 0 0 0 0 6 0 0 106 6 0 2 0 0 2
1364936147 80354 0 0 0 0 0 0 0 0 0 6 0 0 106 6 0 2 0 0 2
1364937852 80394 0 0 0 0 0 0 0 0 0 6 0 0 106 6 0 2 0 0 2
1364944548 80505 0 0 0 0 0 0 0 0 0 6 0 0 106 6 0 2 0 0 2
1365025464 80519 0 0 0 0 0 0 0 0 0 6 0 0 106 6 0 2 0 0 2
1365029354 80562 0 0 0 0 0 0 0 0 0 6 0 0 106 6 0 2 0 0 2
1365031572 80596 0 0 0 0 0 0 0 0 0 6 0 0 106 6 0 2 0 0 2
1365120280 80602 0 0 0 0 0 0 0 0 0 6 0 0 106 6 0 2 0 0 2
1365121450 80627 0 0 0 0 0 0 0 0 0 6 0 0 106 6 0 2 0 0 2
1365185899 80646 0 0 0 0 0 0 0 0 0 6 0 0 106 6 0 2 0 0 2
1365205124 80695 0 0 0 0 0 0 0 0 0 6 0 0 106 6 0 2 0 0 2
1365309389 83120 0 0 0 0 0 0 0 0 0 6 0 0 106 6 0 2 0 0 2
1365314028 83196 0 0 0 0 0 0 0 0 0 6 0 0 106 6 0 2 0 0 2
1365365069 83211 0 0 0 0 0 0 0 0 0 6 0 0 106 6 0 2 0 0 2
1365369456 83289 0 0 0 0 0 0 0 0 0 6 0 0 106 6 0 2 0 0 2
1365369485 83308 0 0 0 0 0 0 0 0 0 6 0 0 106 6 0 2 0 0 2
1365443715 86036 0 0 0 0 0 0 0 0 0 6 0 0 106 6 0 2 0 0 2
1365446789 86064 0 0 0 0 0 0 0 0 0 6 0 0 106 6 0 2 0 0 2
1365978251 86309 0 0 0 0 0 0 0 0 0 6 0 0 106 6 0 2 0 0 2
1366043362 86362 0 0 0 0 0 0 0 0 0 6 0 0 106 6 0 2 0 0 2
1366045571 86385 0 0 0 0 0 0 0 0 0 6 0 0 106 6 0 2 0 0 2
1366050771 86513 0 0 0 0 0 0 0 0 0 6 0 0 106 6 0 2 0 0 2
1366056919 86753 0 0 0 0 0 0 0 0 0 6 0 0 106 6 0 2 0 0 2
1366058075 86849 0 0 0 0 0 0 0 0 0 6 0 0 106 6 0 2 0 0 2
1366059619 86965 0 0 0 0 0 0 0 0 0 6 0 0 106 6 0 2 0 0 2
1366143814 86966 0 0 0 0 0 0 0 0 0 6 0 0 106 6 0 2 0 0 2
1366148015 87232 0 0 0 0 0 0 0 0 0 6 0 0 106 6 0 2 0 0 2
1366156098 87361 0 0 0 0 0 0 0 0 0 6 0 0 106 6 0 2 0 0 2
1366156844 87445 0 0 0 0 0 0 0 0 0 6 0 0 106 6 0 2 0 0 2
1366159740 87445 0 0 0 0 0 0 0 0 0 6 0 45 106 6 0 2 0 0 2
1366223000 87448 0 0 0 0 0 0 0 0 0 6 0 45 106 6 0 2 0 0 2
1366231931 87484 0 0 0 0 0 0 0 0 0 6 0 45 106 6 0 2 0 0 2
1366231956 87687 0 0 0 0 0 0 0 0 0 6 0 45 106 6 0 2 0 0 2
1366237317 87706 0 0 0 0 0 0 0 0 0 6 0 45 106 6 0 2 0 0 2
1366241840 88071 0 0 0 0 0 0 0 0 0 6 0 45 106 6 0 2 0 0 2
1366241949 88980 0 0 0 0 0 0 0 0 0 6 0 45 106 6 0 2 0 0 2
1366242864 88982 0 0 0 0 0 0 0 0 0 6 0 45 106 6 0 2 0 0 2
1366243694 89002 0 0 0 0 0 0 0 0 0 6 0 45 106 6 0 2 0 0 2
1366245303 89002 0 0 0 0 0 0 0 0 0 6 0 80 106 6 0 2 0 0 2
1366245620 89002 0 0 0 0 0 0 0 0 0 6 0 80 106 6 0 2 0 0 2
1366309036 89002 0 0 0 0 0 0 0 0 0 6 0 82 106 6 0 2 0 0 2
1366310794 89002 0 0 0 0 0 0 0 0 0 6 0 147 106 6 0 2 0 0 2
1366316648 89002 0 0 0 0 0 0 0 0 0 6 0 668 106 6 0 2 0 0 2
1366318482 89088 0 0 0 0 0 0 0 0 0 6 0 668 106 6 0 2 0 0 2
1366318510 89088 0 0 0 0 0 0 0 0 0 6 0 668 106 6 0 2 0 0 2
1366327489 89269 0 0 0 0 0 0 0 0 0 6 0 668 106 6 0 2 0 0 2
1366329384 89317 0 0 0 0 0 0 0 0 0 6 0 668 106 6 0 2 0 0 2
1366390370 89328 0 0 0 0 0 0 0 0 0 6 0 668 106 6 0 2 0 0 2
1366390481 89340 0 0 0 0 0 0 0 0 0 6 0 668 106 6 0 2 0 0 2
1366390873 89354 0 0 0 0 0 0 0 0 0 6 0 668 106 6 0 2 0 0 2
1366392195 89358 0 0 0 0 0 0 0 0 0 6 0 668 106 6 0 2 0 0 2
1366392425 89358 0 0 0 0 0 0 0 0 0 6 0 789 106 6 0 2 0 0 2
1366394908 89364 0 0 0 0 0 0 0 0 0 6 0 789 106 6 0 2 0 0 2
1366405768 89372 0 0 0 0 0 0 0 0 0 6 0 789 106 6 0 2 0 0 2
1366405831 89537 0 0 0 0 0 0 0 0 0 6 0 789 106 6 0 2 0 0 2
1366415162 89540 0 0 0 0 0 0 0 0 0 6 0 789 106 6 0 2 0 0 2
1366669977 89541 0 0 0 0 0 0 0 0 0 6 0 789 106 6 0 2 0 0 2
1366676731 89826 0 0 0 0 0 0 0 0 0 6 0 789 106 6 0 2 0 0 2
1366679751 89904 0 0 0 0 0 0 0 0 0 6 0 789 106 6 0 2 0 0 2
1366679802 90066 0 0 0 0 0 0 0 0 0 6 0 789 106 6 0 2 0 0 2
1366694008 90098 0 0 0 0 0 0 0 0 0 6 0 789 106 6 0 2 0 0 2
1366694406 90100 0 0 0 0 0 0 0 0 0 6 0 789 106 6 0 2 0 0 2
1366736360 90206 0 0 0 0 0 0 0 0 0 6 0 789 106 6 0 2 0 0 2
1366738868 90235 0 0 0 0 0 0 0 0 0 6 0 789 106 6 0 2 0 0 2
1366739286 90240 0 0 0 0 0 0 0 0 0 6 0 789 106 6 0 2 0 0 2
1366739836 90244 0 0 0 0 0 0 0 0 0 6 0 789 106 6 0 2 0 0 2
1366740287 90408 0 0 0 0 0 0 0 0 0 6 0 789 106 6 0 2 0 0 2
1366756513 90793 0 0 0 0 0 0 0 0 0 6 0 789 106 6 0 2 0 0 2
1366831217 91076 0 0 0 0 0 0 0 0 0 6 0 789 106 6 0 2 0 0 2
1366839630 91121 0 0 0 0 0 0 0 0 0 6 0 789 106 6 0 2 0 0 2
1366839732 91643 0 0 0 0 0 0 0 0 0 6 0 789 106 6 0 2 0 0 2
1366917214 91743 0 0 0 0 0 0 0 0 0 6 0 789 106 6 0 2 0 0 2
1366926678 91744 0 0 0 0 0 0 0 0 0 6 0 789 106 6 0 2 0 0 2
1366926721 91745 0 0 0 0 0 0 0 0 0 6 0 789 106 6 0 2 0 0 2
1366927131 91745 0 0 0 0 0 0 0 0 0 6 0 789 106 6 0 2 0 0 2
1366928408 100187 0 0 0 0 0 0 0 0 0 6 0 789 106 6 0 2 0 0 2
1366929069 100187 0 0 0 0 0 0 0 0 0 8 0 789 106 6 0 2 0 0 2
1366929217 100187 0 0 0 0 0 0 0 0 0 8 0 789 106 6 0 2 0 0 2
1366929401 114454 0 0 0 0 0 0 0 0 0 8 0 789 106 6 0 2 0 0 2
1366929556 114454 0 0 0 0 0 0 0 0 0 8 0 789 106 6 0 2 0 0 2
1366929791 137600 0 0 0 0 0 0 0 0 0 8 0 789 106 6 0 2 0 0 2
1366929813 137600 0 0 0 0 0 0 0 0 0 8 0 789 106 6 0 2 0 0 2
1366929984 153813 0 0 0 0 0 0 0 0 0 8 0 789 106 6 0 2 0 0 2
1366930130 153813 0 0 0 0 0 0 0 0 0 8 0 789 106 6 0 2 0 0 2
1366930224 185370 0 0 0 0 0 0 0 0 0 8 0 789 106 6 0 2 0 0 2
1366930285 185370 0 0 0 0 0 0 0 0 0 8 0 789 106 6 0 2 0 0 2
1366930436 289810 0 0 0 0 0 0 0 0 0 8 0 789 106 6 0 2 0 0 2
1366930463 372620 0 0 0 0 0 0 0 0 0 8 0 789 106 6 0 2 0 0 2
1367279787 425822 0 0 0 0 0 0 0 0 0 8 0 789 106 6 0 2 0 0 2
1367341649 426082 0 0 0 0 0 0 0 0 0 8 0 789 106 6 0 2 0 0 2
1367363336 441055 0 0 0 0 0 0 0 0 0 8 0 789 106 6 0 2 0 0 2
1367522274 442601 0 0 0 0 0 0 0 0 0 8 0 789 106 6 0 2 0 0 2
1367967595 447412 0 0 0 0 0 0 0 0 0 8 0 789 106 6 0 2 0 0 2
1368062052 447688 0 0 0 0 0 0 0 0 0 8 0 789 106 6 0 2 0 0 2
1368215129 447857 0 0 0 0 0 0 0 0 0 8 0 789 106 6 0 2 0 0 2
1368221441 448111 0 0 0 0 0 0 0 0 0 8 0 789 106 6 0 2 0 0 2
1368223282 448238 0 0 0 0 0 0 0 0 0 8 0 789 106 6 0 2 0 0 2
1368225027 448455 0 0 0 0 0 0 0 0 0 8 0 789 106 6 0 2 0 0 2
1368228310 448562 0 0 0 0 0 0 0 0 0 8 0 789 106 6 0 2 0 0 2
1368471482 448579 0 0 0 0 0 0 0 0 0 8 0 789 106 6 0 2 0 0 2
1368476778 448580 0 0 0 0 0 0 0 0 0 8 0 789 106 6 0 2 0 0 2
1368478771 448583 0 0 0 0 0 0 0 0 0 8 0 789 106 6 0 2 0 0 2
1368509530 448622 0 0 0 0 0 0 0 0 0 8 0 789 106 6 0 2 0 0 2
1368510020 451159 0 0 0 0 0 0 0 0 0 8 0 789 106 6 0 2 0 0 2
1368552411 451496 0 0 0 0 0 0 0 0 0 8 0 789 106 6 0 2 0 0 2
1368552585 451501 0 0 0 0 0 0 0 0 0 8 0 789 106 6 0 2 0 0 2
1368552619 452703 0 0 0 0 0 0 0 0 0 8 0 789 106 6 0 2 0 0 2
1368555447 452710 0 0 0 0 0 0 0 0 0 8 0 789 106 6 0 2 0 0 2
1368556407 452730 0 0 0 0 0 0 0 0 0 8 0 789 106 6 0 2 0 0 2
1368557661 452826 0 0 0 0 0 0 0 0 0 8 0 789 106 6 0 2 0 0 2
1368557692 452836 0 0 0 0 0 0 0 0 0 8 0 789 106 6 0 2 0 0 2
1368563644 452897 0 0 0 0 0 0 0 0 0 8 0 789 106 6 0 2 0 0 2
1368568676 453016 0 0 0 0 0 0 0 0 0 8 0 789 106 6 0 2 0 0 2
1368568687 453074 0 0 0 0 0 0 0 0 0 8 0 789 106 6 0 2 0 0 2
1368574415 453118 0 0 0 0 0 0 0 0 0 8 0 789 106 6 0 2 0 0 2
1368574462 453118 0 0 0 0 0 0 0 0 0 8 0 789 106 6 0 2 0 0 2
1368575073 453147 0 0 0 0 0 0 0 0 0 8 0 789 106 6 0 2 0 0 2
1369172735 453224 0 0 0 0 0 0 0 0 0 8 0 789 106 6 0 2 0 0 2
1369172796 453287 0 0 0 0 0 0 0 0 0 8 0 789 106 6 0 2 0 0 2
1369174667 453314 0 0 0 0 0 0 0 0 0 8 0 789 106 6 0 2 0 0 2
1369174763 453337 0 0 0 0 0 0 0 0 0 8 0 789 106 6 0 2 0 0 2
1369174780 453419 0 0 0 0 0 0 0 0 0 8 0 789 106 6 0 2 0 0 2
1369249738 453492 0 0 0 0 0 0 0 0 0 8 0 789 106 6 0 2 0 0 2
1369249766 453526 0 0 0 0 0 0 0 0 0 8 0 789 106 6 0 2 0 0 2
1369251505 453552 0 0 0 0 0 0 0 0 0 8 0 789 106 6 0 2 0 0 2
1369700475 453612 0 0 0 0 0 0 0 0 0 8 0 789 106 6 0 2 0 0 2
1369708647 453866 0 0 0 0 0 0 0 0 0 8 0 789 106 6 0 2 0 0 2
1369713807 453894 0 0 0 0 0 0 0 0 0 8 0 789 106 6 0 2 0 0 2
1369718225 482531 0 0 0 0 0 0 0 0 0 8 0 789 106 6 0 2 0 0 2
1369725369 482550 0 0 0 0 0 0 0 0 0 8 0 789 106 6 0 2 0 0 2
1369762747 482586 0 0 0 0 0 0 0 0 0 8 0 789 106 6 0 2 0 0 2
1369762803 482586 0 0 0 0 0 0 0 0 0 8 0 789 106 6 0 2 0 0 2
1369766194 482611 0 0 0 0 0 0 0 0 0 8 0 789 106 6 0 2 0 0 2
1369767461 482662 0 0 0 0 0 0 0 0 0 8 0 789 106 6 0 2 0 0 2
1369794628 482682 0 0 0 0 0 0 0 0 0 8 0 789 106 6 0 2 0 0 2
1369797618 490577 0 0 0 0 0 0 0 0 0 8 0 789 106 6 0 2 0 0 2
1369805734 490642 0 0 0 0 0 0 0 0 0 8 0 789 106 6 0 2 0 0 2
1369806216 490650 0 0 0 0 0 0 0 0 0 8 0 789 106 6 0 2 0 0 2
1369807301 490654 0 0 0 0 0 0 0 0 0 8 0 789 106 6 0 2 0 0 2
1369808726 490678 0 0 0 0 0 0 0 0 0 8 0 789 106 6 0 2 0 0 2
1370171088 490678 0 134 0 0 0 0 0 0 0 8 0 789 106 6 0 2 0 0 2
1370171814 490678 0 142 0 0 0 0 0 0 0 8 0 789 106 6 0 2 0 0 2
1370297521 490678 0 142 0 0 0 0 0 0 0 8 0 789 106 6 0 2 0 0 2
1370342692 490678 0 5685 0 0 0 0 0 0 0 8 0 789 106 6 0 2 0 0 2
1370376298 490678 0 41925 0 0 0 0 0 0 0 8 0 789 106 6 0 2 0 0 2
1370380740 490678 0 41925 0 0 0 0 0 0 0 8 0 789 106 6 0 2 0 0 2
1370472223 494145 0 41925 0 0 0 0 0 0 0 8 0 789 106 6 0 2 0 0 2
1370476935 494159 0 41925 0 0 0 0 0 0 0 8 0 789 106 6 0 2 0 0 2
1370509883 494159 0 42144 0 0 0 0 0 0 0 8 0 789 106 6 0 2 0 0 2
1370664205 494159 0 42144 0 0 0 0 0 0 0 8 0 789 106 6 0 2 0 0 2
1370664523 494164 0 42144 0 0 0 0 0 0 0 8 0 789 106 6 0 2 0 0 2
1370875163 494164 0 42144 0 0 0 0 0 0 0 8 0 789 106 6 0 2 0 0 2
1370887970 494164 0 42144 0 0 0 0 0 0 0 8 0 789 106 6 0 2 0 0 2
1370891998 494422 0 42144 0 0 0 0 0 0 0 8 0 789 106 6 0 2 0 0 2
1370892103 494423 0 42144 0 0 0 0 0 0 0 8 0 789 106 6 0 2 0 0 2
1370975232 494533 0 42144 0 0 0 0 0 0 0 8 0 789 106 6 0 2 0 0 2
1370989316 494694 0 42144 0 0 0 0 0 0 0 8 0 789 106 6 0 2 0 0 2
1371015291 495069 0 42144 0 0 0 0 0 0 0 8 0 789 106 6 0 2 0 0 2
1371016489 495091 0 42144 0 0 0 0 0 0 0 8 0 789 106 6 0 2 0 0 2
1371016526 495117 0 42144 0 0 0 0 0 0 0 8 0 789 106 6 0 2 0 0 2
1371057309 495572 0 42144 0 0 0 0 0 0 0 8 0 789 106 6 0 2 0 0 2
1371073660 495586 0 42144 0 0 0 0 0 0 0 8 0 789 106 6 0 2 0 0 2
1371075303 495586 0 42144 0 0 0 0 0 0 0 8 0 789 106 6 0 2 0 0 2
1371150935 495586 0 42144 1 0 0 0 0 0 0 8 0 789 106 6 0 2 0 0 2
1371178078 495586 0 42144 1 0 0 0 0 0 0 8 0 789 106 6 0 2 0 0 2
1371752695 495586 0 42144 1 0 0 0 0 0 0 8 0 789 106 6 0 2 0 0 2
1371777255 495836 0 42144 1 0 0 0 0 0 0 8 0 789 106 6 0 2 0 0 2
1371786710 495944 0 42144 1 0 0 0 0 0 0 8 0 789 106 6 0 2 0 0 2
1371792704 495961 0 42144 1 0 0 0 0 0 0 8 0 789 106 6 0 2 0 0 2
1371796693 495990 0 42144 1 0 0 0 0 0 0 8 0 789 106 6 0 2 0 0 2
1371797151 495990 0 42144 1 0 0 0 0 0 0 8 0 789 106 6 0 2 0 0 2
1371832150 495996 0 42144 1 0 0 0 0 0 0 8 0 789 106 6 0 2 0 0 2
1372052454 496439 0 42144 1 0 0 0 0 0 0 8 0 789 106 6 0 2 0 0 2
1372103315 496932 0 42144 1 0 0 0 0 0 0 8 0 789 106 6 0 2 0 0 2
1372106828 497169 0 42144 1 0 0 0 0 0 0 8 0 789 106 6 0 2 0 0 2
1372112440 497287 0 42144 1 0 0 0 0 0 0 8 0 789 106 6 0 2 0 0 2
1372117388 497321 0 42144 1 0 0 0 0 0 0 8 0 789 106 6 0 2 0 0 2
1372141088 497329 0 42144 1 0 0 0 0 0 0 8 0 789 106 6 0 2 0 0 2
1372304191 497824 0 42144 1 0 0 0 0 0 0 8 0 789 106 6 0 2 0 0 2
1372304452 497828 0 42144 1 0 0 0 0 0 0 8 0 789 106 6 0 2 0 0 2
1372310961 497889 0 42144 1 0 0 0 0 0 0 8 0 789 106 6 0 2 0 0 2
1372310993 497889 0 42144 1 0 0 0 0 0 0 8 0 789 106 6 0 2 0 0 2
1372311091 497889 0 42144 1 0 0 0 0 0 0 8 0 789 106 6 0 2 0 0 2
1372356049 497898 0 42144 1 0 0 0 0 0 0 8 0 789 106 6 0 2 0 0 2
1372376615 497920 0 42144 1 0 0 0 0 0 0 8 0 789 106 6 0 2 0 0 2
1372380512 497922 0 42144 1 0 0 0 0 0 0 8 0 789 106 6 0 2 0 0 2
1372448526 511002 0 42144 1 0 0 0 0 0 0 8 0 789 106 6 0 2 0 0 2
1372448646 511002 0 42144 1 0 0 0 0 0 0 8 0 789 106 6 0 2 0 0 2
1372448720 511003 0 42144 1 0 0 0 0 0 0 8 0 789 106 6 0 2 0 0 2
1372783125 511004 0 42144 1 0 0 0 0 0 0 8 0 789 106 6 0 2 0 0 2
1372875062 512365 0 42144 1 0 0 0 0 0 0 8 0 789 106 6 0 2 0 0 2
1372960439 512810 0 42144 1 0 0 0 0 0 0 8 0 789 106 6 0 2 0 0 2
1373322959 512831 0 42144 1 0 0 0 0 0 0 8 0 789 106 6 0 2 0 0 2
1373326968 512902 0 42144 1 0 0 0 0 0 0 8 0 789 106 6 0 2 0 0 2
1373328303 512907 0 42144 1 0 0 0 0 0 0 8 0 789 106 6 0 2 0 0 2
1373399337 512958 0 42144 1 0 0 0 0 0 0 8 0 789 106 6 0 2 0 0 2
1373407922 513103 0 42144 1 0 0 0 0 0 0 8 0 789 106 6 0 2 0 0 2
1373414768 513241 0 42144 1 0 0 0 0 0 0 8 0 789 106 6 0 2 0 0 2
1373621277 513241 0 42144 1 0 0 0 0 0 0 8 0 789 106 6 0 2 0 0 2
1373953947 513241 0 42144 46863 0 0 0 0 0 0 8 0 789 106 6 0 2 0 0 2
1373995885 513241 0 42144 46865 0 0 0 0 0 0 8 0 789 106 6 0 2 0 0 2
1373995975 513241 0 42144 46869 0 0 0 0 0 0 8 0 789 106 6 0 2 0 0 2
1374091282 513241 0 42144 46869 0 0 0 0 0 0 8 0 789 106 6 0 2 0 0 2
1374244517 513241 0 42144 46869 0 0 0 0 0 0 8 0 789 106 6 0 2 0 0 2
1374515160 513241 0 42144 47051 0 0 0 0 0 0 8 0 789 106 6 0 2 0 0 2
1374691781 513241 0 42144 47051 0 0 0 0 0 0 8 0 789 106 6 0 2 0 0 2
1375914896 542154 0 42144 47051 0 0 0 0 0 0 8 0 789 106 6 0 2 0 0 2
1377046158 542154 0 42144 47052 0 0 0 0 0 0 8 0 789 106 6 0 2 0 0 2
1377046292 542154 0 42144 66807 0 0 0 0 0 0 8 0 789 106 6 0 2 0 0 2
1377125215 542154 0 42144 66864 0 0 0 0 0 0 8 0 789 106 6 0 2 0 0 2
1377187037 542154 0 42144 66864 0 0 0 0 0 0 8 0 789 106 6 0 2 0 0 2
1377189938 542154 0 42144 66872 0 0 0 0 0 0 8 0 789 106 6 0 2 0 0 2
1377190922 542154 0 42144 66886 0 0 0 0 0 0 8 0 789 106 6 0 2 0 0 2
1377215779 542154 0 42144 66886 0 0 0 0 0 0 8 0 789 106 6 0 2 0 0 2
1377560772 549029 0 42144 66886 0 0 0 0 0 0 8 0 789 106 6 0 2 0 0 2
1377561261 549029 0 42144 66886 0 0 0 0 0 0 8 0 789 106 6 0 2 0 0 2
1377622820 549029 0 42144 66962 0 0 0 0 0 0 8 0 789 106 6 0 2 0 0 2
1377622892 549029 0 42144 66967 0 0 0 0 0 0 8 0 789 106 6 0 2 0 0 2
1377623645 549029 0 42144 66967 0 0 0 0 0 0 8 0 789 106 6 0 2 0 0 2
1377628949 549029 0 42144 66967 0 0 0 0 0 0 8 0 789 106 6 0 2 0 0 2
1379008109 549029 0 42144 66967 0 0 0 0 0 0 8 0 789 106 6 0 2 0 0 2
1379008141 549029 0 42144 66967 0 0 0 0 0 0 8 0 789 106 6 0 2 0 0 2
1379110954 549030 0 42144 66967 0 0 0 0 0 0 8 0 789 106 6 0 2 0 0 2
1380908288 549030 0 42144 67210 0 0 0 0 0 0 8 0 789 106 6 0 2 0 0 2
1380927091 549030 0 42144 67210 0 0 181 0 0 0 8 0 789 106 6 0 2 0 0 2
1380928260 549030 0 42144 67210 0 0 185 0 0 0 8 0 789 106 6 0 2 0 0 2
1380928291 549030 0 42144 67210 0 0 188 0 0 0 8 0 789 106 6 0 2 0 0 2
1381170945 549030 0 42144 67210 0 0 225 0 0 0 8 0 789 106 6 0 2 0 0 2
1381172457 549030 0 42144 67210 0 0 242 0 0 0 8 0 789 106 6 0 2 0 0 2
1381180138 549030 0 42144 67210 0 0 271 0 0 0 8 0 789 106 6 0 2 0 0 2
1381183242 549030 0 42144 67210 0 0 279 0 0 0 8 0 789 106 6 0 2 0 0 2
1381187066 549030 0 42144 67210 0 0 303 0 0 0 8 0 789 106 6 0 2 0 0 2
1381187188 549030 0 42144 67210 0 0 328 0 0 0 8 0 789 106 6 0 2 0 0 2
1381187422 549030 0 42144 67210 0 0 328 0 0 0 8 0 789 106 6 0 2 0 0 2
1381187672 549030 0 42144 67210 0 0 328 0 0 0 8 0 789 106 6 0 2 0 0 2
1381189087 549030 0 42144 67210 0 0 335 0 0 0 8 0 789 106 6 0 2 0 0 2
1381250521 549030 0 42144 67210 5 0 335 0 0 0 8 0 789 106 6 0 2 0 0 2
1381250544 549030 0 42144 67210 14 0 335 0 0 0 8 0 789 106 6 0 2 0 0 2
1381254845 549030 0 42144 67210 14 0 354 0 0 0 8 0 789 106 6 0 2 0 0 2
1381254936 549030 0 42144 67210 14 0 354 0 0 0 8 0 789 106 6 0 2 0 0 2
1381257289 549030 0 42144 67210 14 0 369 0 0 0 8 0 789 106 6 0 2 0 0 2
1381271919 549030 0 42144 67210 14 0 373 0 0 0 8 0 789 106 6 0 2 0 0 2
1381337028 549030 0 42144 67210 14 0 489 0 0 0 8 0 789 106 6 0 2 0 0 2
1381337181 549030 0 42144 67210 14 0 515 0 0 0 8 0 789 106 6 0 2 0 0 2
1381337231 549030 0 42144 67210 14 0 917 0 0 0 8 0 789 106 6 0 2 0 0 2
1381339520 549030 0 42144 67210 14 0 917 0 0 0 8 0 789 106 6 0 2 0 0 2
1381348045 549030 0 42144 67210 14 0 919 0 0 0 8 0 789 106 6 0 2 0 0 2
1381361687 549030 0 42144 67210 14 0 1000 0 0 0 8 0 789 106 6 0 2 0 0 2
1381421755 549030 0 42144 67210 14 0 1008 0 0 0 8 0 789 106 6 0 2 0 0 2
1381424292 549030 0 42144 67210 14 0 1019 0 0 0 8 0 789 106 6 0 2 0 0 2
1381425053 549030 0 42144 67210 14 0 1023 0 0 0 8 0 789 106 6 0 2 0 0 2
1381425095 549030 0 42144 67210 14 0 1153 0 0 0 8 0 789 106 6 0 2 0 0 2
1381430810 549030 0 42144 67210 14 0 1160 0 0 0 8 0 789 106 6 0 2 0 0 2
1381434945 549030 0 42144 67210 14 0 1160 0 0 0 8 0 789 106 6 0 2 0 0 2
1381516254 549030 99 42144 67210 14 0 1160 0 0 0 8 0 789 106 6 0 2 0 0 2
1381863767 549030 99 42144 67267 14 0 1160 0 0 0 8 0 789 106 6 0 2 0 0 2
1381863909 549030 100 42144 67267 14 0 1160 0 0 0 8 0 789 106 6 0 2 0 0 2
1382140360 549030 106 42144 67267 14 0 1160 0 0 0 8 0 789 106 6 0 2 0 0 2
1382141893 549030 107 42144 67267 14 0 1160 0 0 0 8 0 789 106 6 0 2 0 0 2
1382463341 549030 109 42144 67267 14 0 1160 0 0 0 8 0 789 106 6 0 2 0 0 2
1382476719 549030 111 42144 67267 14 0 1160 0 0 0 8 0 789 106 6 0 2 0 0 2
1382599059 549030 111 42144 67501 14 0 1160 0 0 0 8 0 789 106 6 0 2 0 0 2
1382599387 549030 111 42144 67501 14 0 1160 0 0 0 8 0 789 106 6 0 2 0 0 2
1382985429 549030 119 42144 67501 14 0 1160 0 0 0 8 0 789 106 6 0 2 0 0 2
1382993634 549030 119 42144 67501 14 0 1160 0 0 0 8 0 789 106 6 0 2 0 0 2
1382994026 549030 119 42144 67501 14 0 1160 0 0 0 8 0 789 106 6 0 2 0 0 2
1382997097 549030 119 42144 67501 14 0 1160 0 0 0 8 0 789 106 6 0 2 0 0 2
1383234462 549030 391 42144 67501 14 0 1160 0 0 0 8 0 789 106 6 0 2 0 0 2
1383236741 549030 392 42144 67501 14 0 1160 0 0 0 8 0 789 106 6 0 2 0 0 2
1383241822 549030 393 42144 67501 14 0 1160 0 0 0 8 0 789 106 6 0 2 0 0 2
1383244632 549030 396 42144 67501 14 0 1160 0 0 0 8 0 789 106 6 0 2 0 0 2
1383602957 549030 35152 42144 67501 14 0 1160 0 0 0 8 0 789 106 6 0 2 0 0 2
1383608767 549030 35159 42144 67501 14 0 1160 0 0 0 8 0 789 106 6 0 2 0 0 2
1383690069 549030 35159 42144 67501 39 0 1160 0 0 0 8 0 789 106 6 0 2 0 0 2
1383690858 549030 35159 42144 67501 40 0 1160 0 0 0 8 0 789 106 6 0 2 0 0 2
1383691868 549030 35276 42144 67501 40 0 1160 0 0 0 8 0 789 106 6 0 2 0 0 2
1383694413 549030 35276 42144 67501 40 0 1160 0 0 0 8 0 789 106 6 0 2 0 0 2
1383808471 549030 35276 42144 67509 40 0 1160 0 0 0 8 0 789 106 6 0 2 0 0 2
1383844084 549030 35276 42144 67509 40 0 1160 0 0 0 8 0 789 106 6 0 2 0 0 2
1383853747 549030 35276 42144 67509 116 0 1160 0 0 0 8 0 789 106 6 0 2 0 0 2
1383853787 549030 35276 42144 67509 128 0 1160 0 0 0 8 0 789 106 6 0 2 0 0 2
1383853830 549030 35276 42144 67509 135 0 1160 0 0 0 8 0 789 106 6 0 2 0 0 2
1383868077 549030 35276 42144 67509 135 0 1160 0 0 0 8 0 789 106 6 0 2 0 0 2
1383936330 549030 35276 42144 67509 160 0 1160 0 0 0 8 0 789 106 6 0 2 0 0 2
1383949060 549030 35276 42144 67509 186 0 1160 0 0 0 8 0 789 106 6 0 2 0 0 2
1383949121 549030 35370 42144 67509 186 0 1160 0 0 0 8 0 789 106 6 0 2 0 0 2
1384364523 549030 35370 42144 67509 188 0 1160 0 0 0 8 0 789 106 6 0 2 0 0 2
1384454067 549030 35370 42144 67509 188 0 1160 0 0 0 8 0 789 106 6 0 2 0 0 2
1384458601 549030 35585 42144 67509 188 0 1160 0 0 0 8 0 789 106 6 0 2 0 0 2
1384559684 549030 35864 42144 67509 188 0 1160 0 0 0 8 0 789 106 6 0 2 0 0 2
1384722204 549030 35911 42144 67509 188 0 1160 0 0 0 8 0 789 106 6 0 2 0 0 2
1384722799 549030 35911 42144 67509 188 0 1160 0 0 0 8 0 789 106 6 0 2 0 0 2
1384815739 549030 35911 42144 67509 198 0 1160 0 0 0 8 0 789 106 6 0 2 0 0 2
1385064262 549030 35971 42144 67509 198 0 1160 0 0 0 8 0 789 106 6 0 2 0 0 2
1385080199 549030 35971 42144 67509 211 0 1160 0 0 0 8 0 789 106 6 0 2 0 0 2
1385082931 549030 35972 42144 67509 211 0 1160 0 0 0 8 0 789 106 6 0 2 0 0 2
1385144303 549030 35972 42144 67509 213 0 1160 0 0 0 8 0 789 106 6 0 2 0 0 2
1385146613 549030 35972 42144 67509 213 0 1160 0 0 0 8 0 789 106 6 0 2 0 0 2
1385151985 549030 35972 42144 67509 241 0 1160 0 0 0 8 0 789 106 6 0 2 0 0 2
1385159434 549030 36039 42144 67509 241 0 1160 0 0 0 8 0 789 106 6 0 2 0 0 2
1385159544 549030 36040 42144 67509 241 0 1160 0 0 0 8 0 789 106 6 0 2 0 0 2
1385404703 549030 36041 42144 67509 241 0 1160 0 0 0 8 0 789 106 6 0 2 0 0 2
1385406666 549030 36042 42144 67509 241 0 1160 0 0 0 8 0 789 106 6 0 2 0 0 2
1385406834 549030 36043 42144 67509 241 0 1160 0 0 0 8 0 789 106 6 0 2 0 0 2
1385417007 549030 36043 42144 67509 250 0 1160 0 0 0 8 0 789 106 6 0 2 0 0 2
1386008770 549030 36043 42144 67509 258 0 1160 0 0 0 8 0 789 106 6 0 2 0 0 2
1386019712 549030 36043 42144 67509 266 0 1160 0 0 0 8 0 789 106 6 0 2 0 0 2
1386101894 549030 36043 42144 67509 266 1 1160 0 0 0 8 0 789 106 6 0 2 0 0 2
1386109526 549030 36043 42144 67509 266 1 1160 0 0 0 8 0 789 106 6 0 2 0 0 2
1386192438 549030 36044 42144 67509 266 1 1160 0 0 0 8 0 789 106 6 0 2 0 0 2
1386203253 549030 36045 42144 67509 266 1 1160 0 0 0 8 0 789 106 6 0 2 0 0 2
1386206079 549030 36046 42144 67509 266 1 1160 0 0 0 8 0 789 106 6 0 2 0 0 2
1386283228 549030 36046 42144 67509 266 18 1160 0 0 0 8 0 789 106 6 0 2 0 0 2
1386283469 549030 36046 42144 67509 266 18 1160 0 0 0 8 0 789 106 6 0 2 0 0 2
1386289497 549030 36046 42144 67509 268 18 1160 0 0 0 8 0 789 106 6 0 2 0 0 2
1386356113 549030 36046 42144 67509 268 18 1160 0 0 0 8 0 789 106 6 0 2 0 0 2
1386369720 549030 36097 42144 67509 268 18 1160 0 0 0 8 0 789 106 6 0 2 0 0 2
1386376498 549030 36124 42144 67509 268 18 1160 0 0 0 8 0 789 106 6 0 2 0 0 2
1386621214 549030 36185 42144 67509 268 18 1160 0 0 0 8 0 789 106 6 0 2 0 0 2
1386627417 549030 36185 42144 67994 268 18 1160 0 0 0 8 0 789 106 6 0 2 0 0 2
1386704409 549030 36185 42144 67994 268 18 1160 0 0 0 8 0 789 106 6 0 2 0 0 2
1386705105 549030 36185 42144 67994 269 18 1160 0 0 0 8 0 789 106 6 0 2 0 0 2
1386705527 549030 36185 42144 67994 269 18 1160 0 0 0 8 0 789 106 6 0 2 0 0 2
1386788896 549030 36186 42144 67994 269 18 1160 0 0 0 8 0 789 106 6 0 2 0 0 2
1386799940 549030 36186 42144 67994 280 18 1160 0 0 0 8 0 789 106 6 0 2 0 0 2
1386801486 549030 36186 42144 67994 280 18 1160 0 0 0 8 0 789 106 6 0 2 0 0 2
1386802770 549030 36186 42144 67994 280 18 1160 0 0 0 8 0 789 106 6 0 2 0 0 2
1386885571 549030 36187 42144 67994 280 18 1160 0 0 0 8 0 789 106 6 0 2 0 0 2
1386885976 549030 36187 42144 67994 280 18 1160 0 0 0 8 0 789 106 6 0 2 0 0 2
1386891273 549030 36188 42144 67994 280 18 1160 0 0 0 8 0 789 106 6 0 2 0 0 2
1386909710 549030 36188 42144 67994 280 19 1160 0 0 0 8 0 789 106 6 0 2 0 0 2
1386909745 549030 36188 42144 67994 280 19 1160 0 0 0 8 0 789 106 6 0 2 0 0 2
1386976750 549030 36188 42144 67994 280 20 1160 0 0 0 8 0 789 106 6 0 2 0 0 2
1386977077 549030 36188 42144 67994 280 20 1160 0 0 0 8 0 789 106 6 0 2 0 0 2
1387105300 549030 36188 42144 68058 280 20 1160 0 0 0 8 0 789 106 6 0 2 0 0 2
1387127152 549030 36188 42144 68058 280 20 1160 0 0 0 8 0 789 106 6 0 2 0 0 2
1387130572 549030 36245 42144 68058 280 20 1160 0 0 0 8 0 789 106 6 0 2 0 0 2
1387220427 549030 36245 42144 68058 280 20 1160 0 0 0 8 0 789 106 6 0 2 0 0 2
1387302149 549030 36245 42144 68059 280 20 1160 0 0 0 8 0 789 106 6 0 2 0 0 2
1387304049 549030 36245 42144 68059 280 20 1160 0 0 0 8 0 789 106 6 0 2 0 0 2
1387312281 549030 36250 42144 68059 280 20 1160 0 0 0 8 0 789 106 6 0 2 0 0 2
1387312857 549030 36251 42144 68059 280 20 1160 0 0 0 8 0 789 106 6 0 2 0 0 2
1387474407 549030 36251 42144 68059 280 20 1160 0 0 0 8 0 789 106 6 0 2 0 0 2
1387475134 549030 36252 42144 68059 280 20 1160 0 0 0 8 0 789 106 6 0 2 0 0 2
1387568048 549030 36253 42144 68059 280 20 1160 0 0 0 8 0 789 106 6 0 2 0 0 2
1387568107 549030 36253 42144 68059 280 20 1160 0 0 0 8 0 789 106 6 0 2 0 0 2
1387568108 549030 36253 42144 68059 280 20 1160 0 0 0 8 0 789 106 6 0 2 0 0 2
1388688990 549030 36253 42144 68059 290 20 1160 0 0 0 8 0 789 106 6 0 2 0 0 2
1388689088 549030 36253 42144 68059 290 20 1160 0 0 0 8 0 789 106 6 0 2 0 0 2
1388692492 549030 36253 42144 68059 290 20 1160 0 0 0 8 0 789 106 6 0 2 0 0 2
1389032279 549030 36253 42144 68059 291 20 1160 0 0 0 8 0 789 106 6 0 2 0 0 2
1389032357 549030 36253 42144 68059 291 20 1160 0 0 0 8 0 789 106 6 0 2 0 0 2
1389221125 549030 36253 42144 68059 292 20 1160 0 0 0 8 0 789 106 6 0 2 0 0 2
1389292625 549030 36253 42144 68072 292 20 1160 0 0 0 8 0 789 106 6 0 2 0 0 2
1389299668 549030 36253 42144 68072 292 20 1160 0 0 0 8 0 789 106 6 0 2 0 0 2
1389380438 549030 36254 42144 68072 292 20 1160 0 0 0 8 0 789 106 6 0 2 0 0 2
1389659775 549030 36254 42144 68072 292 20 1160 1538 0 0 8 0 789 106 6 0 2 0 0 2
1389724598 549030 36254 42144 68072 292 20 1160 1576 0 0 8 0 789 106 6 0 2 0 0 2
1389725821 549030 36254 42144 68072 292 20 1160 1577 0 0 8 0 789 106 6 0 2 0 0 2
1389735182 549030 36254 42144 68072 292 20 1160 1577 0 0 8 0 789 106 6 0 2 0 0 2
1389737708 549030 36254 42144 68072 292 20 1160 1577 0 0 8 0 789 106 6 0 2 0 0 2
1389739356 549030 36254 42144 68072 292 20 1160 1577 0 0 8 0 789 106 6 0 2 0 0 2
1389806969 549030 36254 42144 68072 292 20 1160 1577 0 0 8 5 789 106 6 0 2 0 0 2
1389822252 549030 36254 42144 68072 300 20 1160 1577 0 0 8 5 789 106 6 0 2 0 0 2
1389824312 549030 36254 42144 68072 304 20 1160 1577 0 0 8 5 789 106 6 0 2 0 0 2
1389825313 549030 36254 42144 68072 310 20 1160 1577 0 0 8 5 789 106 6 0 2 0 0 2
1389826649 549030 36254 42144 68072 310 20 1160 1577 0 0 8 5 789 106 6 0 2 0 0 2
1389877628 549030 36254 42144 68072 310 20 1160 1577 0 0 8 5 789 106 6 0 2 0 0 2
1390322955 549030 36254 42144 68072 310 20 1160 1577 0 0 8 5 789 106 6 0 2 0 0 2
1390347687 549030 36266 42144 68072 310 20 1160 1577 0 0 8 5 789 106 6 0 2 0 0 2
1390434884 549030 36266 42144 68072 310 20 1160 1577 0 0 8 5 789 106 6 0 2 0 0 2
1390437157 549030 36267 42144 68072 310 20 1160 1577 0 0 8 5 789 106 6 0 2 0 0 2
1390472293 549030 36267 42145 68072 310 20 1160 1577 0 0 8 5 789 106 6 0 2 0 0 2
1390474135 549030 36267 42146 68072 310 20 1160 1577 0 0 8 5 789 106 6 0 2 0 0 2
1390558823 549030 36267 42188 68072 310 20 1160 1577 0 0 8 5 789 106 6 0 2 0 0 2
1390560972 549030 36267 42212 68072 310 20 1160 1577 0 0 8 5 789 106 6 0 2 0 0 2
1390603693 549030 36267 42212 68072 314 20 1160 1577 0 0 8 5 789 106 6 0 2 0 0 2
1390847445 549030 36275 42212 68700 314 20 1160 1577 0 0 8 5 789 106 6 0 2 0 0 2
1390849088 549030 36275 42212 68703 314 20 1160 1577 0 0 8 5 789 106 6 0 2 0 0 2
1390849166 549030 36275 42212 68704 314 20 1160 1577 0 0 8 5 789 106 6 0 2 0 0 2
1390928553 549030 36276 42212 68704 314 20 1160 1577 0 0 8 5 789 106 6 0 2 0 0 2
1391106333 549030 36276 42212 68704 314 20 1160 1577 0 0 8 5 789 106 6 0 2 0 0 2
1391214086 549030 36276 42212 68704 314 28 1160 1577 0 0 8 5 789 106 6 0 2 0 0 2
1391214174 549030 36276 42212 68704 314 28 1160 1577 0 0 8 5 789 106 6 0 2 0 0 2
1391434196 549030 36276 42216 68704 314 28 1160 1577 0 0 8 5 789 106 6 0 2 0 0 2
1391442547 549030 36276 42217 68704 314 28 1160 1577 0 0 8 5 789 106 6 0 2 0 0 2
1391464790 549030 36276 42300 68704 314 28 1160 1577 0 0 8 5 789 106 6 0 2 0 0 2
1391465203 549030 36276 42302 68704 314 28 1160 1577 0 0 8 5 789 106 6 0 2 0 0 2
1391722651 549030 36277 42302 68704 314 28 1160 1577 0 0 8 5 789 106 6 0 2 0 0 2
1391727553 549030 36277 42302 68704 316 28 1160 1577 0 0 8 5 789 106 6 0 2 0 0 2
1392161440 549030 36289 42302 68704 316 28 1160 1577 0 0 8 5 789 106 6 0 2 0 0 2
1392293816 549030 36289 42310 68704 316 28 1160 1577 0 0 8 5 789 106 6 0 2 0 0 2
1392317412 549030 36289 42346 68704 316 28 1160 1577 0 0 8 5 789 106 6 0 2 0 0 2
1392320031 549030 36289 42351 68704 316 28 1160 1577 0 0 8 5 789 106 6 0 2 0 0 2
1392324757 549030 36289 42352 68704 316 28 1160 1577 0 0 8 5 789 106 6 0 2 0 0 2
1392328253 549030 36289 42353 68704 316 28 1160 1577 0 0 8 5 789 106 6 0 2 0 0 2
1392376190 549030 36289 42354 68704 316 28 1160 1577 0 0 8 5 789 106 6 0 2 0 0 2
1392461624 549030 36289 42354 68708 316 28 1160 1577 0 0 8 5 789 106 6 0 2 0 0 2
1392582935 549030 36289 42354 68708 316 28 1160 1577 0 0 8 5 789 106 6 0 2 0 0 2
1393153345 549030 36289 42354 68715 316 28 1160 1577 0 0 8 5 789 106 6 0 2 0 0 2
1393159844 549030 36289 42354 69486 316 28 1160 1577 0 0 8 10363 789 106 6 0 2 0 0 2
1393358341 549030 36289 42354 69486 316 28 1160 1577 0 0 8 10363 789 106 6 0 2 0 0 2
1393360558 549030 36289 42354 69486 316 28 1160 1577 0 0 8 10363 789 106 6 0 2 0 0 2
1393366668 549030 36290 42354 69486 316 28 1160 1577 0 0 8 10363 789 106 6 0 2 0 0 2
1393410860 549030 36290 42355 69486 316 28 1160 1577 0 0 8 10363 789 106 6 0 2 0 0 2
1393413539 549030 36290 42356 69486 316 28 1160 1577 0 0 8 10363 789 106 6 0 2 0 0 2
1393448563 549030 36290 42357 69486 316 28 1160 1577 0 0 8 10363 789 106 6 0 2 0 0 2
1393453855 549030 36290 42358 69486 316 28 1160 1577 0 0 8 10363 789 106 6 0 2 0 0 2
1393517755 549030 36290 42359 69486 316 28 1160 1577 0 0 8 10363 789 106 6 0 2 0 0 2
1393531110 549030 36290 42359 69486 316 28 1160 1577 0 0 8 10363 789 106 6 0 2 0 0 2
1393534906 549030 36290 42360 69486 316 28 1160 1577 0 0 8 10363 789 106 6 0 2 0 0 2
1393543685 549030 36290 42361 69486 316 28 1160 1577 0 0 8 10363 789 106 6 0 2 0 0 2
1393584910 549030 36290 42362 69486 316 28 1160 1577 0 0 8 10363 789 106 6 0 2 0 0 2
1393604821 549030 36290 42363 69486 316 28 1160 1577 0 0 8 10363 789 106 6 0 2 0 0 2
1393610501 549030 36290 42364 69486 316 28 1160 1577 0 0 8 10363 789 106 6 0 2 0 0 2
1393616006 549030 36290 42365 69486 316 28 1160 1577 0 0 8 10363 789 106 6 0 2 0 0 2
1393672164 549030 36290 42366 69993 316 28 1160 1577 0 0 8 10363 789 106 6 0 2 0 0 2
1393754254 549030 36290 42366 70006 316 28 1160 1577 0 0 8 10363 789 106 6 0 2 0 0 2
1393870704 549030 36290 42366 70006 316 28 1160 1577 0 0 8 10363 789 106 6 0 2 0 0 2
1393887685 549030 36291 42366 70006 316 28 1160 1577 0 0 8 10363 789 106 6 0 2 0 0 2
1393892128 549030 36292 42366 70006 316 28 1160 1577 0 0 8 10363 789 106 6 0 2 0 0 2
1393942034 549030 36292 42366 70006 316 28 1160 1577 0 0 8 10363 789 106 6 0 2 0 0 2
1393957892 549030 36293 42366 70006 316 28 1160 1577 0 0 8 10363 789 106 6 0 2 0 0 2
1393972530 549030 36293 42375 70006 316 28 1160 1577 0 0 8 10363 789 106 6 0 2 0 0 2
1393979586 549030 36294 42375 70006 316 28 1160 1577 0 0 8 10363 789 106 6 0 2 0 0 2
1393979595 549030 36294 42375 70006 316 28 1160 1577 0 0 8 10363 789 106 6 0 2 0 0 2
1394182937 549030 36294 42376 70006 316 28 1160 1577 0 0 8 10363 789 106 6 0 2 0 0 2
1394212405 549030 36294 42376 70006 316 29 1160 1577 0 0 8 10363 789 106 6 0 2 0 0 2
1394625460 549030 36294 42381 70006 316 29 1160 1577 0 0 8 10363 789 106 6 0 2 0 0 2
1394639265 549030 36294 42381 70006 316 29 1160 1577 0 0 8 10363 789 106 6 0 2 0 0 2
1394711999 549030 36294 42386 70006 316 29 1160 1577 0 0 8 10363 789 106 6 0 2 0 0 2
1394736701 549030 36295 42386 70006 316 29 1160 1577 0 0 8 10363 789 106 6 0 2 0 0 2
1394737356 549030 36295 42387 70006 316 29 1160 1577 0 0 8 10363 789 106 6 0 2 0 0 2
1394739290 549030 36295 42388 70006 316 29 1160 1577 0 0 8 10363 789 106 6 0 2 0 0 2
1394744757 549030 36295 42389 70006 316 29 1160 1577 0 0 8 10363 789 106 6 0 2 0 0 2
1394748312 549030 36304 42389 70006 316 29 1160 1577 0 0 8 10363 789 106 6 0 2 0 0 2
1394748321 549030 36304 42389 70006 316 29 1160 1577 0 0 8 10363 789 106 6 0 2 0 0 2
1394748412 549030 36305 42389 70006 316 29 1160 1577 0 0 8 10363 789 106 6 0 2 0 0 2
1394799544 549030 36305 42575 70006 316 29 1160 1577 0 0 8 10363 789 106 6 0 2 0 0 2
1394799574 549030 36305 42575 70006 316 29 1160 1577 0 0 8 10363 789 106 6 0 2 0 0 2
1394905237 549030 36305 42577 70006 316 29 1160 1577 0 0 8 10363 789 106 6 0 2 0 0 2
1395066919 549030 36305 42578 70006 316 29 1160 1577 0 0 8 10363 789 106 6 0 2 0 0 2
1395167753 549030 36306 42578 70006 316 29 1160 1577 0 0 8 10363 789 106 6 0 2 0 0 2
1395177154 549030 36307 42578 70006 316 29 1160 1577 0 0 8 10363 789 106 6 0 2 0 0 2
1395178461 549030 36307 42579 70006 316 29 1160 1577 0 0 8 10367 789 106 6 0 2 0 0 2
1395331867 549030 36307 42579 70006 316 29 1160 1577 0 0 8 10367 789 106 6 0 2 0 0 2
1395342283 549030 36307 42579 70006 316 29 1160 1577 0 0 8 10367 789 106 6 0 2 0 1 2
1395343193 549030 36307 42579 70006 316 29 1160 1577 0 0 8 10367 789 106 6 0 2 0 10 2
1395346186 549030 36307 42580 70006 316 29 1160 1577 0 0 8 10367 789 106 6 0 2 0 10 2
1395349657 549030 36307 42581 70006 316 29 1160 1577 0 0 8 10367 789 106 6 0 2 0 10 2
1395410202 549030 36307 42582 70006 316 29 1160 1577 0 0 8 10367 789 106 6 0 2 0 10 2
1395428215 549030 36307 42583 70006 316 29 1160 1577 0 0 8 10367 789 106 6 0 2 0 10 2
1395430888 549030 36307 42584 70006 316 29 1160 1577 0 0 8 10367 789 106 6 0 2 0 10 2
1395437399 549030 36307 42585 70006 316 29 1160 1577 0 0 8 10367 789 106 6 0 2 0 10 2
1395439765 549030 36307 42586 70006 316 29 1160 1577 0 0 8 10367 789 106 6 0 2 0 10 2
1395488632 549030 36307 42587 70006 316 29 1160 1577 0 0 8 10367 789 106 6 0 2 0 10 2
1395502722 549030 36307 42588 70006 316 29 1160 1577 0 0 8 10367 789 106 6 0 2 0 10 2
1395608903 549030 36307 42588 70029 316 29 1160 1577 0 0 8 10367 789 106 6 0 2 0 10 2
1395676929 549030 36307 42588 70029 316 29 1160 1577 0 0 8 10367 789 106 6 0 2 0 10 2
1395676953 549030 36307 42588 70029 316 29 1160 1577 0 0 8 10367 789 106 6 0 2 0 10 2
1395749305 549030 36307 42589 70029 316 29 1160 1577 0 0 8 10367 789 106 6 0 2 0 10 2
1395844927 549030 36307 42589 70029 316 29 1160 1577 0 0 8 10370 789 106 6 0 2 0 10 2
1395847244 549030 36307 42589 70029 316 29 1160 1577 0 0 8 10372 789 106 6 0 2 0 10 2
1395900789 549030 36307 42589 70030 316 29 1160 1577 0 0 8 10372 789 106 6 0 2 0 10 2
1395901706 549030 36307 42589 70096 316 29 1160 1577 0 0 8 10372 789 106 6 0 2 0 10 2
1395940221 549030 36307 42589 70096 316 29 1160 1577 0 0 8 10372 789 106 6 0 2 0 10 2
1395940364 549030 36307 42589 70096 316 29 1160 1577 0 0 8 10372 789 106 6 0 2 0 10 2
1396012055 549030 36307 42605 70096 316 29 1160 1577 0 0 8 10372 789 106 6 0 2 0 10 2
1396036085 549030 36307 42605 70096 316 29 1160 1577 0 0 8 10372 789 106 6 0 2 0 10 2
1396036100 549030 36307 42605 70096 316 29 1160 1577 0 0 8 10372 789 106 6 0 2 0 10 2
1396041398 549030 36307 42618 70096 316 29 1160 1577 0 0 8 10372 789 106 6 0 2 0 10 2
1396180446 549030 36307 42618 70098 316 29 1160 1577 0 0 8 10372 789 106 6 0 2 0 10 2
1396228102 549030 36308 42618 70098 316 29 1160 1577 0 0 8 10372 789 106 6 0 2 0 10 2
1396245303 549030 36308 42618 70099 316 29 1160 1577 0 0 8 10372 789 106 6 0 2 0 10 2
1396245402 549030 36308 42618 70099 316 29 1160 1577 0 0 8 10372 789 106 6 0 2 0 10 2
1396247065 549030 36308 42618 70134 316 29 1160 1577 0 0 8 10372 789 106 6 0 2 0 10 2
1396262060 549030 36308 42624 70134 316 29 1160 1577 0 0 8 10372 789 106 6 0 2 0 10 2
1396281492 549030 36308 42624 70134 316 29 1160 1577 0 0 8 10372 789 106 6 0 2 0 10 2
1396291511 549030 36309 42624 70134 316 29 1160 1577 0 0 8 10372 789 106 6 0 2 0 10 2
1396298578 549030 36309 42624 70134 316 29 1160 1577 0 0 8 10372 789 106 6 0 2 0 10 2
1396299242 549030 36310 42624 70134 316 29 1160 1577 0 0 8 10372 789 106 6 0 2 0 10 2
1396304739 549030 36311 42624 70134 316 29 1160 1577 0 0 8 10372 789 106 6 0 2 0 10 2
1396333324 549030 36311 42624 70134 316 29 1160 1577 0 0 8 10372 789 106 6 0 2 0 10 2
1396336262 549030 36311 42625 70134 316 29 1160 1577 0 0 8 10372 789 106 6 0 2 0 10 2
1396339825 549030 36311 42626 70134 316 29 1160 1577 0 0 8 10372 789 106 6 0 2 0 10 2
1396345368 549030 36311 42627 70134 316 29 1160 1577 0 0 8 10372 789 106 6 0 2 0 10 2
1396345917 549030 36311 42628 70134 316 29 1160 1577 0 0 8 10372 789 106 6 0 2 0 10 2
1396351659 549030 36311 42629 70134 316 29 1160 1577 0 0 8 10372 789 106 6 0 2 0 10 2
1396373040 549030 36311 42630 70134 316 29 1160 1577 0 0 8 10372 789 106 6 0 2 0 10 2
1396387240 549030 36311 42631 70134 316 29 1160 1577 0 0 8 10372 789 106 6 0 2 0 10 2
1396433546 549030 36311 42632 70134 316 29 1160 1577 0 0 8 10372 789 106 6 0 2 0 10 2
1396452504 549030 36311 42633 70134 316 29 1160 1577 0 0 8 10372 789 106 6 0 2 0 10 2
1396454940 549030 36311 42634 70134 316 29 1160 1577 0 0 8 10372 789 106 6 0 2 0 10 2
1396475200 549030 36311 42635 70134 316 29 1160 1577 0 0 8 10372 789 106 6 0 2 0 10 2
1396520858 549030 36311 42735 70134 316 29 1160 1577 0 0 8 10372 789 106 6 0 2 0 10 2
1396523980 549030 36311 42736 70134 316 29 1160 1577 0 0 8 10372 789 106 6 0 2 0 10 2
1396527411 549030 36311 42737 70134 316 29 1160 1577 0 0 8 10372 789 106 6 0 2 0 10 2
1396553184 549030 36311 42738 70134 316 29 1160 1577 0 0 8 10372 789 106 6 0 2 0 10 2
1396585040 549030 36312 42738 70134 316 29 1160 1577 0 0 8 10372 789 106 6 0 2 0 10 2
1396591250 549030 36312 42739 70134 316 29 1160 1577 0 0 8 10372 789 106 6 0 2 0 10 2
1396683387 549030 36312 42739 70134 316 29 1160 1577 0 0 8 10372 789 106 6 0 2 0 10 2
1396685911 549030 36312 42739 70136 316 29 1160 1577 0 0 8 10372 789 106 6 0 2 0 10 2
1396689137 549030 36312 42739 70150 316 29 1160 1577 0 0 8 10372 789 106 6 0 2 0 10 2
1396689329 549030 36312 42739 70168 316 29 1160 1577 0 0 8 10372 789 106 6 0 2 0 10 2
1396690295 549030 36312 42739 70169 316 29 1160 1577 0 0 8 10372 789 106 6 0 2 0 10 2
1396771033 549030 36312 42739 70171 316 29 1160 1577 0 0 8 10372 789 106 6 0 2 0 10 2
1396775069 549030 36312 42739 70173 316 29 1160 1577 0 0 8 10372 789 106 6 0 2 0 10 2
1396778941 549030 36312 42739 70207 316 29 1160 1577 0 0 8 10372 789 106 6 0 2 0 10 2
1396801041 549030 36312 42739 70207 316 29 1160 1577 0 0 8 10372 789 106 6 0 2 0 10 2
1396891512 549030 36312 42739 70207 316 29 1160 1577 0 0 8 10372 789 106 6 0 2 0 10 2
1396892323 549030 36313 42739 70207 316 29 1160 1577 0 0 8 10372 789 106 6 0 2 0 10 2
1397027082 549030 36313 42740 70207 316 29 1160 1577 0 0 8 10372 789 106 6 0 2 0 10 2
1397157530 549030 36314 42740 70207 316 29 1160 1577 0 0 8 10372 789 106 6 0 2 0 10 2
1397369569 549030 36314 42740 70207 316 29 1160 1577 0 0 8 10372 789 106 6 0 2 0 10 2
1397381155 549030 36314 42740 70332 316 29 1160 1577 0 0 8 10372 789 106 6 0 2 0 10 2
1397496991 549030 36314 42740 70332 316 30 1160 1577 0 0 8 10372 789 106 6 0 2 0 10 2
1397497716 549030 36314 42740 70332 316 31 1160 1577 0 0 8 10372 789 106 6 0 2 0 10 2
1397576363 549030 36314 42740 70332 316 32 1160 1577 0 0 8 10372 789 106 6 0 2 0 10 2
1397582865 549030 36314 42740 70332 316 32 1160 1577 0 0 8 10372 789 106 6 0 2 0 10 2
1397588999 549030 36315 42740 70332 316 32 1160 1577 0 0 8 10372 789 106 6 0 2 0 10 2
1397752389 549030 36315 42740 70332 316 32 1160 1577 299 0 8 10372 789 106 6 0 2 0 10 2
1398107316 549030 36316 42740 70332 316 32 1160 1577 299 0 8 10372 789 106 6 0 2 0 10 2
1398888736 549030 36316 42740 70332 316 32 1160 1577 299 0 8 10372 789 106 6 0 2 0 10 2
1398889779 549030 36316 42740 70332 316 32 1160 1577 300 0 8 10372 789 106 6 0 2 0 10 2
1398893656 549030 36317 42740 70332 316 32 1160 1577 300 0 8 10372 789 106 6 0 2 0 10 2
1398893669 549030 36317 42740 70332 316 32 1160 1577 300 0 8 10372 789 106 6 0 2 0 10 2
1399056621 549030 36317 42740 70332 316 32 1160 1577 300 0 8 10372 789 106 6 0 2 0 10 2
1399056665 549030 36317 42740 70491 316 32 1160 1577 300 0 8 10372 789 106 6 0 2 0 10 2
1399059267 549030 36317 42740 70495 316 32 1160 1577 300 0 8 10372 789 106 6 0 2 0 10 2
1399125132 549030 36317 42740 70539 316 32 1160 1577 300 0 8 10372 789 106 6 0 2 0 10 2
1399196356 549030 36317 42740 70541 316 32 1160 1577 300 0 8 10372 789 106 6 0 2 0 10 2
1399196690 549030 36317 42740 70551 316 32 1160 1577 300 0 8 10372 789 106 6 0 2 0 10 2
1399304781 549030 36320 42740 70551 316 32 1160 1577 300 0 8 10372 789 106 6 0 2 0 10 2
1399413413 549030 36320 42740 70551 316 32 1160 1577 300 0 8 10372 789 106 6 0 2 0 10 2
1399413446 549030 36320 42740 70551 316 32 1160 1577 300 0 8 10372 789 106 6 0 2 0 10 2
1399416755 549030 36321 42740 70551 316 32 1160 1577 300 0 8 10372 789 106 6 0 2 0 10 2
1399502381 549030 36321 42740 70551 316 32 1160 1577 300 0 8 10372 789 106 6 0 2 0 10 2
1399502639 549030 36322 42740 70551 316 32 1160 1577 300 0 8 10372 789 106 6 0 2 0 10 2
1399502823 549030 36323 42740 70551 316 32 1160 1577 300 0 8 10372 789 106 6 0 2 0 10 2
1399503217 549030 36324 42740 70551 316 32 1160 1577 300 0 8 10372 789 106 6 0 2 0 10 2
1399657714 549030 36325 42740 70551 316 32 1160 1577 300 0 8 10372 789 106 6 0 2 0 10 2
1399795049 549030 36325 42740 70551 316 32 1160 1577 300 0 8 10372 789 106 6 0 2 0 10 2
1399795452 549030 36325 42740 70551 316 32 1160 1577 300 0 8 10372 789 106 6 0 2 0 10 2
1400085621 549030 36325 42740 70551 316 32 1160 1577 300 0 8 10372 789 106 6 0 2 0 10 2
1400408131 549030 36325 42740 70551 316 32 1160 1577 300 0 8 10372 789 106 6 0 2 0 10 2
1400596022 549030 36325 42740 70551 316 32 1160 1577 300 0 8 10372 789 106 6 0 2 0 10 2
1400598235 549030 36326 42740 70551 316 32 1160 1577 300 0 8 10372 789 106 6 0 2 0 10 2
1400609197 549030 36327 42740 70551 316 32 1160 1577 300 0 8 10372 789 106 6 0 2 0 10 2
1400914785 549030 36327 42740 70551 316 32 1160 1577 300 0 8 10372 789 106 6 0 2 0 10 2
1400923270 549030 36327 42740 70568 316 32 1160 1577 300 0 8 10372 789 106 6 0 2 0 10 2
1400932662 549030 36327 42740 70637 316 32 1160 1577 300 0 8 10372 789 106 6 0 2 0 10 2
1401025595 549030 36327 42740 70637 316 32 1160 1577 300 0 8 10372 789 106 6 0 2 0 10 2
1401125658 549030 36327 42740 70637 316 32 1160 1577 300 0 8 10372 789 106 6 0 2 0 10 2
1401147945 549030 36327 42740 70745 316 32 1160 1577 300 0 8 10372 789 106 6 0 2 0 10 2
1401148243 549030 36327 42740 70746 316 32 1160 1577 300 0 8 10372 789 106 6 0 2 0 10 2
1401627359 549030 36327 42740 70747 316 32 1160 1577 300 0 8 10372 789 106 6 0 2 0 10 2
1401628467 549030 36327 42740 70810 316 32 1160 1577 300 0 8 10372 789 106 6 0 2 0 10 2
1401664335 549030 36327 42740 70810 316 32 1160 1577 300 0 8 10372 789 106 6 0 2 0 10 2
1401907710 549030 36327 42741 70810 316 32 1160 1577 300 0 8 10372 789 106 6 0 2 0 10 2
1402145714 549030 36327 42742 70810 316 32 1160 1577 300 0 8 10372 789 106 6 0 2 0 10 2
1402158873 549030 36327 42743 70810 316 32 1160 1577 300 0 8 10372 789 106 6 0 2 0 10 2
1402234840 549030 36327 42743 70857 316 32 1160 1577 300 0 8 10372 789 106 6 0 2 0 10 2
1402278439 549030 36327 42743 70857 316 32 1160 1577 300 0 8 10372 789 106 6 0 2 0 10 2
1402360228 549030 36412 42743 70857 316 32 1160 1577 300 0 8 10372 789 106 6 0 2 0 10 2
1402360464 549030 36413 42743 70857 316 32 1160 1577 300 0 8 10372 789 106 6 0 2 0 10 2
1402380117 549030 36413 42743 70857 316 32 1160 1577 300 0 8 10372 789 106 6 0 2 0 10 2
1402418919 549030 36413 42744 70857 316 32 1160 1577 300 0 8 10372 789 106 6 0 2 0 10 2
1402430659 549030 36413 42744 70865 316 32 1160 1577 300 0 8 10372 789 106 6 0 2 0 10 2
1402434897 549030 36413 42744 70865 316 32 1160 1577 300 0 8 10372 789 106 6 0 2 0 10 2
1402436372 549030 36413 42744 70865 316 32 1160 1577 300 0 8 10372 789 106 6 0 2 0 10 2
1402436393 549030 36414 42744 70865 316 32 1160 1577 300 0 8 10372 789 106 6 0 2 0 10 2
1402438970 549030 36414 42744 70865 316 32 1160 1577 300 0 8 10372 789 106 6 0 2 0 10 2
1402439248 549030 36414 42745 70865 316 32 1160 1577 300 0 8 10372 789 106 6 0 2 0 10 2
1402439292 549030 36414 42745 70865 316 32 1160 1577 300 0 8 10372 789 106 6 0 2 0 10 2
1402468510 549030 36414 42749 70865 316 32 1160 1577 300 0 8 10372 789 106 6 0 2 0 10 2
1402483860 549030 36414 42766 70865 316 32 1160 1577 300 0 8 10372 789 106 6 0 2 0 10 2
1402502378 549030 36414 42766 70865 316 32 1160 1577 300 0 8 10372 789 106 6 0 2 0 10 2
1402531227 549030 36415 42766 70865 316 32 1160 1577 300 0 8 10372 789 106 6 0 2 0 10 2
1402550843 549030 36415 42767 70865 316 32 1160 1577 300 0 8 10372 789 106 6 0 2 0 10 2
1402597259 549030 36417 42767 70865 316 32 1160 1577 300 0 8 10372 789 106 6 0 2 0 10 2
1402602441 549030 36418 42767 70865 316 32 1160 1577 300 0 8 10372 789 106 6 0 2 0 10 2
1402695868 549030 36419 42767 70865 316 32 1160 1577 300 0 8 10372 789 106 6 0 2 0 10 2
1402933407 549030 36419 42768 70865 316 32 1160 1577 300 0 8 10372 789 106 6 0 2 0 10 2
1402946136 549030 36427 42768 70865 316 32 1160 1577 300 0 8 10372 789 106 6 0 2 0 10 2
1402952687 549030 36427 42768 70865 316 32 1160 1577 300 0 8 10372 789 106 6 0 2 0 10 2
1403045956 549030 36428 42768 70865 316 32 1160 1577 300 0 8 10372 789 106 6 0 2 0 10 2
1403117623 549030 36429 42768 70865 316 32 1160 1577 300 0 8 10372 789 106 6 0 2 0 10 2
1403126362 549030 36432 42768 70865 316 32 1160 1577 300 0 8 10372 789 106 6 0 2 0 10 2
1403287936 549030 36433 42768 70865 316 32 1160 1577 300 0 8 10372 789 106 6 0 2 0 10 2
1403433777 549030 36433 42768 70878 316 32 1160 1577 300 0 8 10372 789 106 6 0 2 0 10 2
1403543398 549030 36433 42768 70878 316 32 1160 1577 300 0 8 10372 789 106 6 0 2 0 10 2
1403636856 549030 36435 42768 70878 316 32 1160 1577 300 0 8 10372 789 106 6 0 2 0 10 2
1403637051 549030 36435 42768 70878 316 32 1160 1577 300 0 8 10372 789 106 6 0 2 0 10 2
1403637195 549030 36436 42768 70878 316 32 1160 1577 300 0 8 10372 789 106 6 0 2 0 10 2
1404428353 549030 36436 42768 70878 316 32 1160 1588 300 0 8 10372 789 106 6 0 2 0 10 2
1404940937 549030 36436 42769 70878 316 32 1160 1588 300 0 8 10372 789 106 6 0 2 0 10 2
1404989976 549030 36436 42770 70878 316 32 1160 1588 300 0 8 10372 789 106 6 0 2 0 10 2
1405037127 549030 36436 42770 70878 316 32 1160 1589 300 0 8 10372 789 106 6 0 2 0 10 2
1405040540 549030 36436 42770 70878 316 32 1160 1589 300 0 8 10372 789 106 6 0 2 0 10 2
1405061687 549030 36436 42771 70878 316 32 1160 1589 300 0 8 10372 789 106 6 0 2 0 10 2
1405122133 549030 36436 42771 70878 316 32 1160 1592 300 0 8 10372 789 106 6 0 2 0 10 2
1405122164 549030 36436 42771 70878 316 32 1160 1593 300 0 8 10372 789 106 6 0 2 0 10 2
1405124446 549030 36436 42771 70878 316 32 1160 1594 300 0 8 10372 789 106 6 0 2 0 10 2
1405370082 549030 36436 42771 70878 316 32 1160 1661 300 0 8 10372 789 106 6 0 2 0 10 2
1405450307 549030 36436 42771 70878 316 32 1160 1662 300 0 8 10372 789 106 6 0 2 0 10 2
1405676141 549030 36436 42791 70878 316 32 1160 1662 300 0 8 10372 789 106 6 0 2 0 10 2
1406026578 549030 36436 42794 70878 316 32 1160 1662 300 0 8 10372 789 106 6 0 2 0 10 2
1406304178 549030 36436 42795 70878 316 32 1160 1662 300 0 8 10372 789 106 6 0 2 0 10 2
1406304479 549030 36436 42796 70878 316 32 1160 1662 300 0 8 10372 789 106 6 0 2 0 10 2
1406624333 549030 36436 42797 70878 316 32 1160 1662 300 0 8 10372 789 106 6 0 2 0 10 2
1406655026 549030 36436 42797 70878 316 32 1160 1662 300 0 8 10372 789 106 6 0 2 0 10 2
1406673437 549030 36436 42798 70878 316 32 1160 1662 300 0 8 10372 789 106 6 0 2 0 10 2
1406673465 549030 36436 42799 70878 316 32 1160 1662 300 0 8 10372 789 106 6 0 2 0 10 2
1406676476 549030 36436 42799 70878 316 32 1160 1670 300 0 8 10372 789 106 6 0 2 0 10 2
1406676488 549030 36436 42799 70878 316 32 1160 1671 300 0 8 10372 789 106 6 0 2 0 10 2
1406678529 549030 36436 42799 70878 316 32 1160 1671 300 0 8 10372 789 106 6 0 2 0 10 2
1406737645 549030 36436 42799 70878 316 32 1160 1671 300 0 8 10372 789 106 6 0 2 0 10 2
1406740317 549030 36436 42799 70878 316 32 1160 1672 300 0 8 10372 789 106 6 0 2 0 10 2
1406745242 549030 36436 42799 70878 316 32 1160 1673 300 0 8 10372 789 106 6 0 2 0 10 2
1406764480 549030 36436 42799 70878 316 32 1160 1674 300 0 8 10372 789 106 6 0 2 0 10 2
1406826085 549030 36436 42799 70878 316 32 1160 1675 300 0 8 10372 789 106 6 0 2 0 10 2
1406828475 549030 36436 42799 70878 316 32 1160 1676 300 0 8 10372 789 106 6 0 2 0 10 2
1406834684 549030 36436 42799 70878 316 32 1160 1676 300 0 8 10372 789 106 6 0 2 0 10 2
1406842306 549030 36436 42799 70878 316 32 1160 1676 300 0 8 10372 789 106 6 0 2 0 10 2
1406843746 549030 36436 42800 70878 316 32 1160 1676 300 0 8 10372 789 106 6 0 2 0 10 2
1406893735 549030 36436 42801 70878 316 32 1160 1676 300 0 8 10372 789 106 6 0 2 0 10 2
1406911017 549030 36436 42802 70878 316 32 1160 1676 300 0 8 10372 789 106 6 0 2 0 10 2
1406911094 549030 36436 42803 70878 316 32 1160 1676 300 0 8 10372 789 106 6 0 2 0 10 2
1406911118 549030 36436 42803 70878 316 32 1160 1676 300 0 8 10372 789 106 6 0 2 0 10 2
1406915255 549030 36436 42804 70878 316 32 1160 1676 300 0 8 10372 789 106 6 0 2 0 10 2
1406924617 549030 36436 42859 70878 316 32 1160 1676 300 0 8 10372 789 106 6 0 2 0 10 2
1406924654 549030 36436 42859 70878 316 33 1160 1676 300 0 8 10372 789 106 6 0 2 0 10 2
1406924665 549030 36436 42859 70878 316 33 1160 1676 300 0 8 10372 789 106 6 0 2 0 10 2
1407181114 549030 36436 42860 70878 316 33 1160 1676 300 0 8 10372 789 106 6 0 2 0 10 2
1407262459 549030 36436 42861 70878 316 33 1160 1676 300 0 8 10372 789 106 6 0 2 0 10 2
1407433038 549030 36436 42865 70878 316 33 1160 1676 300 0 8 10372 789 106 6 0 2 0 10 2
1407452511 549030 36436 42865 70878 316 33 1160 1676 300 0 8 10372 789 106 6 0 2 0 10 2
1407454285 549030 36436 42865 70878 316 33 1160 1676 300 0 8 10372 789 106 6 0 2 0 10 2
1407454377 549030 36436 42866 70878 316 33 1160 1676 300 0 8 10372 789 106 6 0 2 0 10 2
1407456573 549030 36436 42867 70878 316 33 1160 1676 300 0 8 10372 789 106 6 0 2 0 10 2
1407460224 549030 36436 42868 70878 316 33 1160 1676 300 0 8 10372 789 106 6 0 2 0 10 2
1407795849 549030 36436 42868 70878 316 34 1160 1676 300 0 8 10372 789 106 6 0 2 0 10 2
1407876433 549030 36436 42868 70878 316 161 1160 1676 300 0 8 10372 789 106 6 0 2 0 10 2
1407876449 549030 36436 42868 70878 316 161 1160 1676 300 0 8 10372 789 106 6 0 2 0 10 2
1407878402 549030 36436 42868 70878 316 164 1160 1676 300 0 8 10372 789 106 6 0 2 0 10 2
1407941198 549030 36436 42868 70878 316 165 1160 1676 300 0 8 10372 789 106 6 0 2 0 10 2
1407941595 549030 36436 42868 70878 316 165 1160 1676 300 0 8 10372 789 106 6 0 2 0 10 2
1408143146 549030 36436 42868 70878 316 167 1160 1676 300 0 8 10372 789 106 6 0 2 0 10 2
1408280843 549030 36436 42868 70929 316 167 1160 1676 300 0 8 10372 789 106 6 0 2 0 10 2
1408463032 549030 36436 42868 70929 316 902 1160 1676 300 0 8 10372 789 106 6 0 2 0 10 2
1408563381 549030 36436 42868 70929 316 903 1160 1676 300 0 8 10372 789 106 6 0 2 0 10 2
1409079421 549030 36436 42868 70929 317 903 1160 1676 300 0 8 10372 789 106 6 0 2 0 10 2
1409138490 549030 36436 42868 70929 317 903 1160 1676 300 0 8 10372 789 106 6 0 2 0 10 2
1409246853 549030 36436 42868 70929 317 904 1160 1676 300 0 8 10372 789 106 6 0 2 0 10 2
1409515810 549030 36436 42870 70929 317 904 1160 1676 300 0 8 10372 789 106 6 0 2 0 10 2
1409516859 549030 36436 42881 70929 317 904 1160 1676 300 0 8 10372 789 106 6 0 2 0 10 2
1409520904 549030 36436 42882 70929 317 904 1160 1676 300 0 8 10372 789 106 6 0 2 0 10 2
1409575051 549030 36436 42883 70929 317 904 1160 1676 300 0 8 10372 789 106 6 0 2 0 10 2
1409590007 549030 36436 42884 70929 317 904 1160 1676 300 0 8 10372 789 106 6 0 2 0 10 2
1409643050 549030 36436 42885 70929 317 904 1160 1676 300 0 8 10372 789 106 6 0 2 0 10 2
1409676073 549030 36436 42885 70929 317 905 1160 1676 300 0 8 10372 789 106 6 0 2 0 10 2
1409735885 549030 36436 42886 70929 317 905 1160 1676 300 0 8 10372 789 106 6 0 2 0 10 2
1409941818 549030 36436 42886 70929 317 906 1160 1676 300 0 8 10372 789 106 6 0 2 0 10 2
1410081301 549030 36436 42886 70929 317 906 1160 1676 300 0 8 10372 789 106 6 0 2 0 10 2
1410280765 549030 36436 42887 70929 317 906 1160 1676 300 0 8 10372 789 106 6 0 2 0 10 2
1410533872 549030 36436 42887 70929 317 906 1160 1676 300 0 8 10372 789 106 6 0 2 0 10 2
1410534097 549030 36436 42887 70929 317 906 1160 1676 301 0 8 10372 789 106 6 0 2 0 10 2
1410679854 549030 36436 42887 70929 317 906 1160 1676 301 0 8 10372 789 106 6 0 2 0 10 2
1410689077 549030 36436 42887 71060 317 906 1160 1676 301 0 8 10372 789 106 6 0 2 0 10 2
1410887690 549030 36436 42887 71060 317 907 1160 1676 301 0 8 10372 789 106 6 0 2 0 10 2
1410897015 549030 36436 42887 71060 317 907 1160 1676 301 0 8 10372 789 106 6 0 2 0 10 2
1410999143 549030 36436 42887 71060 317 908 1160 1676 301 0 8 10372 789 106 6 0 2 0 10 2
1410999795 549030 36436 42887 71060 317 908 1160 1676 301 0 8 10372 789 106 6 0 2 0 10 2
1411053301 549030 36436 42887 71060 317 908 1160 1676 301 0 8 10372 789 106 6 0 2 0 10 2
1411293440 549030 36436 42887 71093 317 908 1160 1676 301 0 8 10372 789 106 6 0 2 0 10 2
1411293783 549030 36436 42887 71093 317 908 1160 1676 301 0 8 10372 789 106 6 0 2 0 10 2
1411570510 549030 36436 42887 71093 317 908 1160 1676 301 0 8 10372 789 106 6 0 2 2 10 2
1411573517 549030 36436 42887 71093 317 908 1160 1676 301 0 8 10372 789 106 6 0 2 4 10 2
1411662284 549030 36436 42887 71093 317 908 1160 1676 301 0 8 10372 789 106 6 0 2 4 10 2
1411747912 549030 36436 42887 71093 317 908 1160 1676 301 0 8 10372 789 106 6 0 2 4 10 2
1412690046 549030 36436 42888 71093 317 908 1160 1676 301 0 8 10372 789 106 6 0 2 4 10 2
1413213746 549030 36436 42888 71093 317 909 1160 1676 301 0 8 10372 789 106 6 0 2 4 10 2
1413462901 549030 36436 42938 71093 317 909 1160 1676 301 0 8 10372 789 106 6 0 2 4 10 2
1413487052 549030 36436 42939 71093 317 909 1160 1676 301 0 8 10372 789 106 6 0 2 4 10 2
1413755330 549030 36436 42940 71093 317 909 1160 1676 301 0 8 10372 789 106 6 0 2 4 10 2
1413843829 549030 36436 42941 71093 317 909 1160 1676 301 0 8 10372 789 106 6 0 2 4 10 2
1413844066 549030 36436 42942 71093 317 909 1160 1676 301 0 8 10372 789 106 6 0 2 4 10 2
1413852410 549030 36436 42943 71093 317 909 1160 1676 301 0 8 10372 789 106 6 0 2 4 10 2
1413976175 549030 36436 42944 71093 317 909 1160 1676 301 0 8 10372 789 106 6 0 2 4 10 2
1414067616 549030 36436 42945 71093 317 909 1160 1676 301 0 8 10372 789 106 6 0 2 4 10 2
1414102902 549030 36436 42946 71093 317 909 1160 1676 301 0 8 10372 789 106 6 0 2 4 10 2
1414623197 549030 36436 42946 71093 317 909 1160 1694 301 0 8 10372 789 106 6 0 2 4 10 2
1414713699 549030 36436 42946 71093 317 909 1160 1698 301 0 8 10372 789 106 6 0 2 4 10 2
1414715532 549030 36436 42946 71093 317 909 1160 1699 301 0 8 10372 789 106 6 0 2 4 10 2
1414775099 549030 36436 42946 71093 317 909 1160 1700 301 0 8 10372 789 106 6 0 2 4 10 2
1415026894 549030 36436 42946 71093 317 909 1160 1700 309 0 8 10372 789 106 6 0 2 4 10 2
1415029034 549030 36436 42946 71093 317 909 1160 1700 314 0 8 10372 789 106 6 0 2 4 10 2
1415779665 549030 36436 42947 71093 317 909 1160 1700 314 0 8 10372 789 106 6 0 2 4 10 2
1416507048 549030 36436 42948 71093 317 909 1160 1700 314 0 8 10372 789 106 6 0 2 4 10 2
1416729434 549030 36436 42949 71093 317 909 1160 1700 314 0 8 10372 789 106 6 0 2 4 10 2
1421163982 549030 36436 42950 71093 317 909 1160 1700 314 0 8 10372 789 106 6 0 2 4 10 2
1421262695 549030 36436 42991 71093 317 909 1160 1700 314 0 8 10372 789 106 6 0 2 4 10 2
1421262966 549030 36436 42991 71093 317 909 1160 1700 314 0 8 10372 789 106 6 0 2 4 10 2
1421856827 549030 36436 42994 71093 317 909 1160 1700 314 0 8 10372 789 106 6 0 2 4 10 2
1422281765 549030 36436 42997 71093 317 909 1160 1700 314 0 8 10372 789 106 6 0 2 4 10 2
1422471679 549030 36436 42997 71093 317 909 1160 1700 314 7 8 10372 789 106 6 0 2 4 10 2
1422891485 549030 36436 43000 71093 317 909 1160 1700 314 7 8 10372 789 106 6 0 2 4 10 2
1422897236 549030 36436 43001 71093 317 909 1160 1700 314 7 8 10372 789 106 6 0 2 4 10 2
1423744384 549030 36436 43001 71093 317 909 1160 1700 314 18 8 10372 789 106 6 0 2 4 10 2
1423746315 549030 36436 43001 71093 317 909 1160 1700 314 20 8 10372 789 106 6 0 2 4 10 2
1425576496 549030 36436 43001 71093 317 909 1160 1700 314 21 8 10372 789 106 6 0 2 4 10 2
1425991243 549030 36436 43001 71093 317 909 1160 1700 314 22 8 10372 789 106 6 0 2 4 10 2
1425996845 549030 36436 43001 71093 317 909 1160 1700 314 23 8 10372 789 106 6 0 2 4 10 2
1425997018 549030 36436 43001 71093 317 909 1160 1700 314 24 8 10372 789 106 6 0 2 4 10 2
1426867749 549030 36436 43001 71093 317 909 1160 1700 314 24 8 10372 789 106 6 0 2 4 10 2
1426869447 549030 36436 43001 71093 317 909 1160 1700 314 24 8 10372 789 106 6 0 2 4 10 2
1426869470 549030 36436 43001 71093 317 909 1160 1700 314 24 8 10372 789 106 6 0 2 4 10 2
1427096310 549030 36436 43001 71093 317 909 1160 1700 314 25 8 10372 789 106 6 0 2 4 10 2
1427127812 549030 36436 43001 71093 317 909 1160 1700 315 25 8 10372 789 106 6 0 2 4 10 2
1427213990 549030 36436 43001 71093 317 909 1160 1700 315 26 8 10372 789 106 6 0 2 4 10 2
1427727226 549030 36436 43002 71093 317 909 1160 1700 315 26 8 10372 789 106 6 0 2 4 10 2
1430857371 549030 36436 43002 71093 317 909 1160 1700 316 26 8 10372 789 106 6 0 2 4 10 2
1430859209 549030 36436 43002 71093 317 909 1160 1700 319 26 8 10372 789 106 6 0 2 4 10 2
1430859509 549030 36436 43002 71093 317 909 1160 1700 319 26 8 10372 789 106 6 0 2 4 10 2
1430859837 549030 36436 43002 71093 317 909 1160 1700 320 26 8 10372 789 106 6 0 2 4 10 2
1430860763 549030 36436 43002 71093 317 909 1160 1700 321 26 8 10372 789 106 6 0 2 4 10 2
