1373476178 0 0 0 0 0 0 0 0 0 0 0 1 0 0
1373495022 0 1 0 0 0 0 0 0 0 0 0 1 0 0
1373565429 0 2 0 0 0 0 0 0 0 0 0 1 0 0
1373650361 0 3 0 0 0 0 0 0 0 0 0 1 0 0
1374101657 0 4 0 0 0 0 0 0 0 0 0 1 0 0
1374181416 0 5 0 0 0 0 0 0 0 0 0 1 0 0
1374187007 0 6 0 0 0 0 0 0 0 0 0 1 0 0
1374189352 0 7 0 0 0 0 0 0 0 0 0 1 0 0
1374249746 0 8 0 0 0 0 0 0 0 0 0 1 0 0
1374532118 0 9 0 0 0 0 0 0 0 0 0 1 0 0
1374602847 0 10 0 0 0 0 0 0 0 0 0 1 0 0
1374680192 0 11 0 0 0 0 0 0 0 0 0 1 0 0
1374681251 0 12 0 0 0 0 0 0 0 0 0 1 0 0
1374706492 0 13 0 0 0 0 0 0 0 0 0 1 0 0
1374709842 0 14 0 0 0 0 0 0 0 0 0 1 0 0
1374788973 0 15 0 0 0 0 0 0 0 0 0 1 0 0
1374793667 0 16 0 0 0 0 0 0 0 0 0 1 0 0
1375030975 0 17 0 0 0 0 0 0 0 0 0 1 0 0
1375121378 0 18 0 0 0 0 0 0 0 0 0 1 0 0
1375317346 0 19 0 0 0 0 0 0 0 0 0 1 0 0
1375473183 0 20 0 0 0 0 0 0 0 0 0 1 0 0
1375826768 0 21 0 0 0 0 0 0 0 0 0 1 0 0
1375999183 0 22 0 0 0 0 0 0 0 0 0 1 0 0
1376097063 0 23 0 0 0 0 0 0 0 0 0 1 0 0
1376325403 0 24 0 0 0 0 0 0 0 0 0 1 0 0
1376341396 0 25 0 0 0 0 0 0 0 0 0 1 0 0
1376358094 0 26 0 0 0 0 0 0 0 0 0 1 0 0
1376412065 0 27 0 0 0 0 0 0 0 0 0 1 0 0
1376413584 0 28 0 0 0 0 0 0 0 0 0 1 0 0
1376414908 0 29 0 0 0 0 0 0 0 0 0 1 0 0
1376414956 0 30 0 0 0 0 0 0 0 0 0 1 0 0
1376691152 0 31 0 0 0 0 0 0 0 0 0 1 0 0
1377021588 0 32 0 0 0 0 0 0 0 0 0 1 0 0
1377028333 0 33 0 0 0 0 0 0 0 0 0 1 0 0
1377106079 0 34 0 0 0 0 0 0 0 0 0 1 0 0
1377111802 0 35 0 0 0 0 0 0 0 0 0 1 0 0
1377193245 0 36 0 0 0 0 0 0 0 0 0 1 0 0
1377215062 0 37 0 0 0 0 0 0 0 0 0 1 0 0
1377792509 0 38 0 0 0 0 0 0 0 0 0 1 0 0
1377905263 0 39 0 0 0 0 0 0 0 0 0 1 0 0
1378308675 0 40 0 0 0 0 0 0 0 0 0 1 0 0
1378328681 0 41 0 0 0 0 0 0 0 0 0 1 0 0
1378328973 0 42 0 0 0 0 0 0 0 0 0 1 0 0
1378395821 0 43 0 0 0 0 0 0 0 0 0 1 0 0
1378425489 0 44 0 0 0 0 0 0 0 0 0 1 0 0
1378510662 0 45 0 0 0 0 0 0 0 0 0 1 0 0
1378582912 0 46 0 0 0 0 0 0 0 0 0 1 0 0
1378681919 0 47 0 0 0 0 0 0 0 0 0 1 0 0
1378755502 0 48 0 0 0 0 0 0 0 0 0 1 0 0
1378838196 0 49 0 0 0 0 0 0 0 0 0 1 0 0
1378839887 0 50 0 0 0 0 0 0 0 0 0 1 0 0
1379011977 1 50 0 0 0 0 0 0 0 0 0 1 0 0
1379014508 2 50 0 0 0 0 0 0 0 0 0 1 0 0
1379546731 3 50 0 0 0 0 0 0 0 0 0 1 0 0
1380125975 4 50 0 0 0 0 0 0 0 0 0 1 0 0
1380130471 5 50 0 0 0 0 0 0 0 0 0 1 0 0
1380149139 6 50 0 0 0 0 0 0 0 0 0 1 0 0
1380193081 7 50 0 0 0 0 0 0 0 0 0 1 0 0
1380214241 8 50 0 0 0 0 0 0 0 0 0 1 0 0
1380216374 9 50 0 0 0 0 0 0 0 0 0 1 0 0
1380219835 10 50 0 0 0 0 0 0 0 0 0 1 0 0
1380220395 11 50 0 0 0 0 0 0 0 0 0 1 0 0
1380271731 12 50 0 0 0 0 0 0 0 0 0 1 0 0
1380272483 13 50 0 0 0 0 0 0 0 0 0 1 0 0
1380277368 14 50 0 0 0 0 0 0 0 0 0 1 0 0
1380285480 15 50 0 0 0 0 0 0 0 0 0 1 0 0
1380285657 16 50 0 0 0 0 0 0 0 0 0 1 0 0
1380292241 17 50 0 0 0 0 0 0 0 0 0 1 0 0
1380323395 18 50 0 0 0 0 0 0 0 0 0 1 0 0
1380324231 19 50 0 0 0 0 0 0 0 0 0 1 0 0
1380610300 20 50 0 0 0 0 0 0 0 0 0 1 0 0
1380614293 21 50 0 0 0 0 0 0 0 0 0 1 0 0
1380617676 22 50 0 0 0 0 0 0 0 0 0 1 0 0
1380626138 23 50 0 0 0 0 0 0 0 0 0 1 0 0
1380692963 24 50 0 0 0 0 0 0 0 0 0 1 0 0
1380709938 25 50 0 0 0 0 0 0 0 0 0 1 0 0
1380738028 25 51 0 0 0 0 0 0 0 0 0 1 0 0
1380738118 25 52 0 0 0 0 0 0 0 0 0 1 0 0
1380747192 26 52 0 0 0 0 0 0 0 0 0 1 0 0
1380747234 27 52 0 0 0 0 0 0 0 0 0 1 0 0
1380812823 28 52 0 0 0 0 0 0 0 0 0 1 0 0
1380819080 29 52 0 0 0 0 0 0 0 0 0 1 0 0
1380827111 29 53 0 0 0 0 0 0 0 0 0 1 0 0
1380829779 30 53 0 0 0 0 0 0 0 0 0 1 0 0
1380834894 31 53 0 0 0 0 0 0 0 0 0 1 0 0
1380885662 32 53 0 0 0 0 0 0 0 0 0 1 0 0
1380892444 33 53 0 0 0 0 0 0 0 0 0 1 0 0
1380907529 33 54 0 0 0 0 0 0 0 0 0 1 0 0
1380907644 33 55 0 0 0 0 0 0 0 0 0 1 0 0
1381145767 34 55 0 0 0 0 0 0 0 0 0 1 0 0
1381147265 35 55 0 0 0 0 0 0 0 0 0 1 0 0
1381172340 36 55 0 0 0 0 0 0 0 0 0 1 0 0
1381221958 37 55 0 0 0 0 0 0 0 0 0 1 0 0
1381234291 38 55 0 0 0 0 0 0 0 0 0 1 0 0
1381254766 39 55 0 0 0 0 0 0 0 0 0 1 0 0
1381259986 40 55 0 0 0 0 0 0 0 0 0 1 0 0
1381268333 41 55 0 0 0 0 0 0 0 0 0 1 0 0
1381303244 42 55 0 0 0 0 0 0 0 0 0 1 0 0
1381307936 43 55 0 0 0 0 0 0 0 0 0 1 0 0
1381314917 44 55 0 0 0 0 0 0 0 0 0 1 0 0
1381328482 45 55 0 0 0 0 0 0 0 0 0 1 0 0
1381330001 46 55 0 0 0 0 0 0 0 0 0 1 0 0
1381331944 47 55 0 0 0 0 0 0 0 0 0 1 0 0
1381332508 48 55 0 0 0 0 0 0 0 0 0 1 0 0
1381404638 49 55 0 0 0 0 0 0 0 0 0 1 0 0
1381425463 50 55 0 0 0 0 0 0 0 0 0 1 0 0
1381497219 51 55 0 0 0 0 0 0 0 0 0 1 0 0
1381740582 52 55 0 0 0 0 0 0 0 0 0 1 0 0
1382013686 53 55 0 0 0 0 0 0 0 0 0 1 0 0
1382013779 54 55 0 0 0 0 0 0 0 0 0 1 0 0
1382013913 55 55 0 0 0 0 0 0 0 0 0 1 0 0
1382135688 55 56 0 0 0 0 0 0 0 0 0 1 0 0
1382140527 55 57 0 0 0 0 0 0 0 0 0 1 0 0
1382184614 56 57 0 0 0 0 0 0 0 0 0 1 0 0
1382187092 57 57 0 0 0 0 0 0 0 0 0 1 0 0
1382200596 58 57 0 0 0 0 0 0 0 0 0 1 0 0
1382202578 59 57 0 0 0 0 0 0 0 0 0 1 0 0
1382216164 60 57 0 0 0 0 0 0 0 0 0 1 0 0
1382218976 61 57 0 0 0 0 0 0 0 0 0 1 0 0
1382219530 62 57 0 0 0 0 0 0 0 0 0 1 0 0
1382220390 63 57 0 0 0 0 0 0 0 0 0 1 0 0
1382439322 64 57 0 0 0 0 0 0 0 0 0 1 0 0
1382439536 65 57 0 0 0 0 0 0 0 0 0 1 0 0
1382466725 66 57 0 0 0 0 0 0 0 0 0 1 0 0
1382466861 66 58 0 0 0 0 0 0 0 0 0 1 0 0
1382466873 66 59 0 0 0 0 0 0 0 0 0 1 0 0
1382472701 67 59 0 0 0 0 0 0 0 0 0 1 0 0
1382473884 67 60 0 0 0 0 0 0 0 0 0 1 0 0
1382473892 67 61 0 0 0 0 0 0 0 0 0 1 0 0
1382533480 68 61 0 0 0 0 0 0 0 0 0 1 0 0
1382536048 69 61 0 0 0 0 0 0 0 0 0 1 0 0
1382566835 70 61 0 0 0 0 0 0 0 0 0 1 0 0
1382886673 71 61 0 0 0 0 0 0 0 0 0 1 0 0
1383612195 71 61 1 0 0 0 0 0 0 0 0 1 0 0
1383612213 71 61 2 0 0 0 0 0 0 0 0 1 0 0
1383689501 71 61 3 0 0 0 0 0 0 0 0 1 0 0
1383689551 71 61 4 0 0 0 0 0 0 0 0 1 0 0
1383689580 71 61 5 0 0 0 0 0 0 0 0 1 0 0
1383780078 72 61 5 0 0 0 0 0 0 0 0 1 0 0
1383853555 72 61 6 0 0 0 0 0 0 0 0 1 0 0
1383853631 72 61 7 0 0 0 0 0 0 0 0 1 0 0
1383910786 73 61 7 0 0 0 0 0 0 0 0 1 0 0
1383913168 74 61 7 0 0 0 0 0 0 0 0 1 0 0
1383919620 75 61 7 0 0 0 0 0 0 0 0 1 0 0
1383920604 76 61 7 0 0 0 0 0 0 0 0 1 0 0
1383921067 77 61 7 0 0 0 0 0 0 0 0 1 0 0
1383922808 78 61 7 0 0 0 0 0 0 0 0 1 0 0
1383926849 79 61 7 0 0 0 0 0 0 0 0 1 0 0
1383934436 80 61 7 0 0 0 0 0 0 0 0 1 0 0
1383936095 80 61 8 0 0 0 0 0 0 0 0 1 0 0
1383936249 80 61 9 0 0 0 0 0 0 0 0 1 0 0
1383937037 81 61 9 0 0 0 0 0 0 0 0 1 0 0
1383948866 81 61 10 0 0 0 0 0 0 0 0 1 0 0
1384016304 82 61 10 0 0 0 0 0 0 0 0 1 0 0
1384113963 83 61 10 0 0 0 0 0 0 0 0 1 0 0
1384283254 83 62 10 0 0 0 0 0 0 0 0 1 0 0
1384454187 83 62 11 0 0 0 0 0 0 0 0 1 0 0
1384815797 83 62 12 0 0 0 0 0 0 0 0 1 0 0
1384816308 83 62 13 0 0 0 0 0 0 0 0 1 0 0
1384816433 83 62 14 0 0 0 0 0 0 0 0 1 0 0
1384975553 83 63 14 0 0 0 0 0 0 0 0 1 0 0
1384982032 83 63 15 0 0 0 0 0 0 0 0 1 0 0
1384982735 83 64 15 0 0 0 0 0 0 0 0 1 0 0
1384994505 83 65 15 0 0 0 0 0 0 0 0 1 0 0
1385058795 83 66 15 0 0 0 0 0 0 0 0 1 0 0
1385063956 83 67 15 0 0 0 0 0 0 0 0 1 0 0
1385080167 83 67 16 0 0 0 0 0 0 0 0 1 0 0
1385080534 83 67 17 0 0 0 0 0 0 0 0 1 0 0
1385082160 83 68 18 0 0 0 0 0 0 0 0 1 0 0
1385130247 84 68 18 0 0 0 0 0 0 0 0 1 0 0
1385146428 84 68 19 0 0 0 0 0 0 0 0 1 0 0
1385152265 84 69 19 0 0 0 0 0 0 0 0 1 0 0
1385159406 84 70 19 0 0 0 0 0 0 0 0 1 0 0
1385315724 85 70 19 0 0 0 0 0 0 0 0 1 0 0
1385318354 86 70 19 0 0 0 0 0 0 0 0 1 0 0
1385404646 86 71 19 0 0 0 0 0 0 0 0 1 0 0
1385406584 86 72 19 0 0 0 0 0 0 0 0 1 0 0
1385416931 86 72 20 0 0 0 0 0 0 0 0 1 0 0
1385421748 86 72 21 0 0 0 0 0 0 0 0 1 0 0
1385494373 86 72 22 0 0 0 0 0 0 0 0 1 0 0
1385496615 86 72 23 0 0 0 0 0 0 0 0 1 0 0
1385506873 86 73 23 0 0 0 0 0 0 0 0 1 0 0
1385541198 87 73 23 0 0 0 0 0 0 0 0 1 0 0
1385541212 88 73 23 0 0 0 0 0 0 0 0 1 0 0
1385553388 89 73 23 0 0 0 0 0 0 0 0 1 0 0
1385554005 90 73 23 0 0 0 0 0 0 0 0 1 0 0
1385555289 91 73 23 0 0 0 0 0 0 0 0 1 0 0
1385571245 92 73 23 0 0 0 0 0 0 0 0 1 0 0
1385571880 93 73 23 0 0 0 0 0 0 0 0 1 0 0
1385572531 94 73 23 0 0 0 0 0 0 0 0 1 0 0
1385630843 95 73 23 0 0 0 0 0 0 0 0 1 0 0
1385652533 96 73 23 0 0 0 0 0 0 0 0 1 0 0
1385676221 97 73 23 0 0 0 0 0 0 0 0 1 0 0
1385733652 98 73 23 0 0 0 0 0 0 0 0 1 0 0
1385740199 98 73 24 0 0 0 0 0 0 0 0 1 0 0
1385752771 98 74 24 0 0 0 0 0 0 0 0 1 0 0
1385765852 98 75 24 0 0 0 0 0 0 0 0 1 0 0
1386008941 98 75 25 0 0 0 0 0 0 0 0 1 0 0
1386021922 98 75 26 0 0 0 0 0 0 0 0 1 0 0
1386022537 98 75 27 0 0 0 0 0 0 0 0 1 0 0
1386023582 98 76 27 0 0 0 0 0 0 0 0 1 0 0
1386030504 98 76 27 0 0 0 0 0 1 0 0 1 0 0
1386094881 98 77 27 0 0 0 0 0 1 0 0 1 0 0
1386096172 98 78 27 0 0 0 0 0 1 0 0 1 0 0
1386116383 98 79 27 0 0 0 0 0 1 0 0 1 0 0
1386192408 98 80 27 0 0 0 0 0 1 0 0 1 0 0
1386202805 98 81 27 0 0 0 0 0 1 0 0 1 0 0
1386203717 98 82 27 0 0 0 0 0 1 0 0 1 0 0
1386206025 98 83 27 0 0 0 0 0 1 0 0 1 0 0
1386283578 98 83 28 0 0 0 0 0 1 0 0 1 0 0
1386283605 98 83 29 0 0 0 0 0 1 0 0 1 0 0
1386288891 98 83 30 0 0 0 0 0 1 0 0 1 0 0
1386289480 98 83 31 0 0 0 0 0 1 0 0 1 0 0
1386634817 98 83 32 0 0 0 0 0 1 0 0 1 0 0
1386701969 98 83 33 0 0 0 0 0 1 0 0 1 0 0
1386703774 98 83 34 0 0 0 0 0 1 0 0 1 0 0
1386799874 98 83 35 0 0 0 0 0 1 0 0 1 0 0
1386883398 98 84 35 0 0 0 0 0 1 0 0 1 0 0
1386890836 98 85 35 0 0 0 0 0 1 0 0 1 0 0
1386909548 98 85 35 0 1 0 0 0 1 0 0 1 0 0
1386909559 98 85 35 0 2 0 0 0 1 0 0 1 0 0
1386977014 98 86 35 0 2 0 0 0 1 0 0 1 0 0
1386977949 98 87 35 0 2 0 0 0 1 0 0 1 0 0
1387224015 98 87 35 0 2 0 0 0 1 0 0 1 1 0
1387234811 98 88 35 0 2 0 0 0 1 0 0 1 1 0
1387312790 98 89 35 0 2 0 0 0 1 0 0 1 1 0
1387474371 98 90 35 0 2 0 0 0 1 0 0 1 1 0
1387474518 98 91 35 0 2 0 0 0 1 0 0 1 1 0
1387475059 98 92 35 0 2 0 0 0 1 0 0 1 1 0
1387567443 98 93 35 0 2 0 0 0 1 0 0 1 1 0
1388687288 98 93 36 0 2 0 0 0 1 0 0 1 1 0
1388688574 98 93 37 0 2 0 0 0 1 0 0 1 1 0
1388688686 98 93 38 0 2 0 0 0 1 0 0 1 1 0
1388688921 98 93 39 0 2 0 0 0 1 0 0 1 1 0
1388692273 98 93 40 0 2 0 0 0 1 0 0 1 1 0
1389029023 98 93 41 0 2 0 0 0 1 0 0 1 1 0
1389029173 98 93 42 0 2 0 0 0 1 0 0 1 1 0
1389029991 98 93 43 0 2 0 0 0 1 0 0 1 1 0
1389031839 98 94 43 0 2 0 0 0 1 0 0 1 1 0
1389034582 98 95 43 0 2 0 0 0 1 0 0 1 1 0
1389138526 98 96 43 0 2 0 0 0 1 0 0 1 1 0
1389206723 98 97 43 0 2 0 0 0 1 0 0 1 1 0
1389215043 98 97 44 0 2 0 0 0 1 0 0 1 1 0
1389219706 98 97 45 0 2 0 0 0 1 0 0 1 1 0
1389220696 98 97 46 0 2 0 0 0 1 0 0 1 1 0
1389310047 98 98 46 0 2 0 0 0 1 0 0 1 1 0
1389393864 98 99 46 0 2 0 0 0 1 0 0 1 1 0
1389396357 98 100 46 0 2 0 0 0 1 0 0 1 1 0
1389610825 99 100 46 0 2 0 0 0 1 0 0 1 1 0
1389618410 100 100 46 0 2 0 0 0 1 0 0 1 1 0
1389624506 101 100 46 0 2 0 0 0 1 0 0 1 1 0
1389658672 101 101 46 0 2 0 0 0 1 0 0 1 1 0
1389710982 102 101 46 0 2 0 0 0 1 0 0 1 1 0
1389742290 102 102 46 0 2 0 0 0 1 0 0 1 1 0
1389806099 102 102 47 0 2 1 0 0 1 0 0 1 1 0
1389822361 102 102 48 0 2 1 0 0 1 0 0 1 1 0
1389824525 102 103 48 0 2 1 0 0 1 0 0 1 1 0
1389877015 102 103 48 0 2 2 0 0 1 0 0 1 1 0
1389912247 102 104 48 0 2 2 0 0 1 0 0 1 1 0
1389916860 102 105 48 0 2 2 0 0 1 0 0 1 1 0
1390256745 102 105 49 0 2 2 0 0 1 0 0 1 1 0
1390264054 102 106 49 0 2 2 0 0 1 0 0 1 1 0
1390323157 102 106 49 0 2 3 0 0 1 0 0 1 1 0
1390323250 102 107 49 0 2 3 0 0 1 0 0 1 1 0
1390326418 102 108 49 0 2 3 0 0 1 0 0 1 1 0
1390346916 102 109 49 0 2 3 0 0 1 0 0 1 1 0
1390421423 102 109 50 0 2 3 0 0 1 1 0 1 1 0
1390421719 102 109 50 0 2 3 0 0 1 2 0 1 1 0
1390433878 102 110 50 0 2 3 0 0 1 2 0 1 1 0
1390434831 102 111 50 0 2 3 0 0 1 2 0 1 1 0
1390467867 103 111 50 0 2 3 0 0 1 2 0 1 1 0
1390470226 104 111 50 0 2 3 0 0 1 2 0 1 1 0
1390472252 105 111 50 0 2 3 0 0 1 2 0 1 1 0
1390472648 106 111 50 0 2 3 0 0 1 2 0 1 1 0
1390474075 107 111 50 0 2 3 0 0 1 2 0 1 1 0
1390505525 107 112 50 0 2 3 0 0 1 2 0 1 1 0
1390558774 108 112 50 0 2 3 0 0 1 2 0 1 1 0
1390595907 108 113 50 0 2 3 0 0 1 2 0 1 1 0
1390607061 108 114 50 0 2 3 0 0 1 2 0 1 1 0
1390847363 108 115 50 0 2 3 0 0 1 2 0 1 1 0
1390988327 109 115 50 0 2 3 0 0 1 2 0 1 1 0
1390989289 110 115 50 0 2 3 0 0 1 2 0 1 1 0
1391442502 111 115 50 0 2 3 0 0 1 2 0 1 1 0
1391447222 111 116 50 0 2 3 0 0 1 2 0 1 1 0
1391451751 111 117 50 0 2 3 0 0 1 2 0 1 1 0
1391544700 111 118 50 0 2 3 0 0 1 2 0 1 1 0
1391555891 111 119 50 0 2 3 0 0 1 2 0 1 1 0
1391627639 111 120 50 0 2 3 0 0 1 2 0 1 1 0
1391627888 111 121 50 0 2 3 0 0 1 2 0 1 1 0
1391722608 111 122 50 0 2 3 0 0 1 2 0 1 1 0
1391793925 112 122 50 0 2 3 0 0 1 2 0 1 1 0
1391985601 112 123 50 0 2 3 0 0 1 2 0 1 1 0
1391987527 113 123 50 0 2 3 0 0 1 2 0 1 1 0
1392023772 114 123 50 0 2 3 0 0 1 2 0 1 1 0
1392025642 115 123 50 0 2 3 0 0 1 2 0 1 1 0
1392026565 116 123 50 0 2 3 0 0 1 2 0 1 1 0
1392048852 117 123 50 0 2 3 0 0 1 2 0 1 1 0
1392109655 118 123 50 0 2 3 0 0 1 2 0 1 1 0
1392110076 119 123 50 0 2 3 0 0 1 2 0 1 1 0
1392119787 120 123 50 0 2 3 0 0 1 2 0 1 1 0
1392120037 121 123 50 0 2 3 0 0 1 2 0 1 1 0
1392121027 122 123 50 0 2 3 0 0 1 2 0 1 1 0
1392122603 123 123 50 0 2 3 0 0 1 2 0 1 1 0
1392122695 124 123 50 0 2 3 0 0 1 2 0 1 1 0
1392124276 125 123 50 0 2 3 0 0 1 2 0 1 1 0
1392160157 125 124 50 0 2 3 0 0 1 2 0 1 1 0
1392199178 126 124 50 0 2 3 0 0 1 2 0 1 1 0
1392246405 127 124 50 0 2 3 0 0 1 2 0 1 1 0
1392287484 128 124 50 0 2 3 0 0 1 2 0 1 1 0
1392293797 129 124 50 0 2 3 0 0 1 2 0 1 1 0
1392294509 130 124 50 0 2 3 0 0 1 2 0 1 1 0
1392296169 131 124 50 0 2 3 0 0 1 2 0 1 1 0
1392313999 131 125 50 0 2 3 0 0 1 2 0 1 1 0
1392317385 132 125 50 0 2 3 0 0 1 2 0 1 1 0
1392319987 133 125 50 0 2 3 0 0 1 2 0 1 1 0
1392324647 134 125 50 0 2 3 0 0 1 2 0 1 1 0
1392325047 135 125 50 0 2 3 0 0 1 2 0 1 1 0
1392328187 136 125 50 0 2 3 0 0 1 2 0 1 1 0
1392376155 137 125 50 0 2 3 0 0 1 2 0 1 1 0
1392726796 137 125 50 0 2 4 0 0 1 2 0 1 1 0
1393360463 137 126 50 0 2 4 0 0 1 2 0 1 1 0
1393361963 137 127 50 0 2 4 0 0 1 2 0 1 1 0
1393410819 138 127 50 0 2 4 0 0 1 2 0 1 1 0
1393413217 139 127 50 0 2 4 0 0 1 2 0 1 1 0
1393441751 139 127 50 0 2 5 0 0 1 2 0 1 1 0
1393448491 140 127 50 0 2 5 0 0 1 2 0 1 1 0
1393453807 141 127 50 0 2 5 0 0 1 2 0 1 1 0
1393508050 141 127 50 0 2 6 0 0 1 2 0 1 1 0
1393517703 142 127 50 0 2 6 0 0 1 2 0 1 1 0
1393518680 142 127 50 0 2 7 0 0 1 2 0 1 1 0
1393523063 142 127 50 0 2 8 0 0 1 2 0 1 1 0
1393531046 142 128 50 0 2 8 0 0 1 2 0 1 1 0
1393534870 143 128 50 0 2 8 0 0 1 2 0 1 1 0
1393540165 144 128 50 0 2 8 0 0 1 2 0 1 1 0
1393541809 145 128 50 0 2 8 0 0 1 2 0 1 1 0
1393543638 146 128 50 0 2 8 0 0 1 2 0 1 1 0
1393577204 146 128 50 0 2 9 0 0 1 2 0 1 1 0
1393584497 147 128 50 0 2 9 0 0 1 2 0 1 1 0
1393603468 148 128 50 0 2 9 0 0 1 2 0 1 1 0
1393604023 149 128 50 0 2 9 0 0 1 2 0 1 1 0
1393605404 150 128 50 0 2 9 0 0 1 2 0 1 1 0
1393610456 151 128 50 0 2 9 0 0 1 2 0 1 1 0
1393611561 152 128 50 0 2 9 0 0 1 2 0 1 1 0
1393615968 153 128 50 0 2 9 0 0 1 2 0 1 1 0
1393670075 154 128 50 0 2 9 0 0 1 2 0 1 1 0
1393672074 155 128 50 0 2 9 0 0 1 2 0 1 1 0
1393871321 155 128 50 0 2 10 0 0 1 2 0 1 1 0
1393874178 155 128 50 0 2 11 0 0 1 2 0 1 1 0
1393887600 155 129 50 0 2 11 0 0 1 2 0 1 1 0
1393891959 155 130 50 0 2 11 0 0 1 2 0 1 1 0
1393942197 155 130 50 0 2 12 0 0 1 2 0 1 1 0
1393957732 155 131 50 0 2 12 0 0 1 2 0 1 1 0
1393972499 156 131 50 0 2 12 0 0 1 2 0 1 1 0
1393978557 156 132 50 0 2 13 0 0 1 2 0 1 1 0
1394129449 156 133 50 0 2 13 0 0 1 2 0 1 1 0
1394149279 156 134 50 0 2 13 0 0 1 2 0 1 1 0
1394176141 157 134 50 0 2 13 0 0 1 2 0 1 1 0
1394181533 158 134 50 0 2 13 0 0 1 2 0 1 1 0
1394182900 159 134 50 0 2 13 0 0 1 2 0 1 1 0
1394211906 159 134 50 0 3 13 0 0 1 2 0 1 1 0
1394625430 160 134 50 0 3 13 0 0 1 2 0 1 1 0
1394639235 160 135 50 0 3 13 0 0 1 2 0 1 1 0
1394711929 161 135 50 0 3 13 0 0 1 2 0 1 1 0
1394711979 162 135 50 0 3 13 0 0 1 2 0 1 1 0
1394736647 162 136 50 0 3 13 0 0 1 2 0 1 1 0
1394737299 163 136 50 0 3 13 0 0 1 2 0 1 1 0
1394739202 164 136 50 0 3 13 0 0 1 2 0 1 1 0
1394744695 165 136 50 0 3 13 0 0 1 2 0 1 1 0
1394748253 165 137 50 0 3 13 0 0 1 2 0 1 1 0
1394748261 165 138 50 0 3 13 0 0 1 2 0 1 1 0
1394748791 165 139 50 0 3 13 0 0 1 2 0 1 1 0
1394754291 165 140 50 0 3 13 0 0 1 2 0 1 1 0
1394799450 166 140 50 0 3 13 0 0 1 2 0 1 1 0
1394799477 167 140 50 0 3 13 0 0 1 2 0 1 1 0
1395063015 168 140 50 0 3 13 0 0 1 2 0 1 1 0
1395063241 169 140 50 0 3 13 0 0 1 2 0 1 1 0
1395064824 170 140 50 0 3 13 0 0 1 2 0 1 1 0
1395064844 171 140 50 0 3 13 0 0 1 2 0 1 1 0
1395066832 172 140 50 0 3 13 0 0 1 2 0 1 1 0
1395092158 172 141 50 0 3 13 0 0 1 2 0 1 1 0
1395167416 172 142 50 0 3 13 0 0 1 2 0 1 1 0
1395177058 172 143 50 0 3 13 0 0 1 2 0 1 1 0
1395178393 173 143 50 0 3 13 0 0 1 2 0 1 1 0
1395240525 173 143 50 0 3 14 0 0 1 2 0 1 1 0
1395249133 173 143 50 0 3 14 1 0 1 2 0 1 1 0
1395270246 173 144 50 0 3 14 1 0 1 2 0 1 1 0
1395342794 173 144 50 0 3 15 1 0 1 2 0 1 1 0
1395346153 174 144 50 0 3 15 1 0 1 2 0 1 1 0
1395349585 175 144 50 0 3 15 1 0 1 2 0 1 1 0
1395410022 176 144 50 0 3 15 1 0 1 2 0 1 1 0
1395417308 177 144 50 0 3 15 1 0 1 2 0 1 1 0
1395424512 178 144 50 0 3 15 1 0 1 2 0 1 1 0
1395425186 178 145 50 0 3 15 1 0 1 2 0 1 1 0
1395428109 179 145 50 0 3 15 1 0 1 2 0 1 1 0
1395428142 180 145 50 0 3 15 1 0 1 2 0 1 1 0
1395430864 181 145 50 0 3 15 1 0 1 2 0 1 1 0
1395437332 182 145 50 0 3 15 1 0 1 2 0 1 1 0
1395439690 183 145 50 0 3 15 1 0 1 2 0 1 1 0
1395487579 184 145 50 0 3 15 1 0 1 2 0 1 1 0
1395502666 185 145 50 0 3 15 1 0 1 2 0 1 1 0
1395749257 186 145 50 0 3 15 1 0 1 2 0 1 1 0
1395788335 186 146 50 0 3 15 1 0 1 2 0 1 1 0
1395845392 186 146 50 0 3 16 1 0 1 2 0 1 1 0
1395944316 186 146 50 0 3 17 1 0 1 2 0 1 1 0
1396036003 186 147 50 0 3 17 1 0 1 2 0 1 1 0
1396036045 186 148 50 0 3 17 1 0 1 2 0 1 1 0
1396041349 187 148 50 0 3 17 1 0 1 2 0 1 1 0
1396041368 188 148 50 0 3 17 1 0 1 2 0 1 1 0
1396047608 188 149 50 0 3 17 1 0 1 2 0 1 1 0
1396048675 188 150 50 0 3 17 1 0 1 2 0 1 1 0
1396148039 188 151 50 0 3 17 1 0 1 2 0 1 1 0
1396226224 188 152 50 0 3 17 1 0 1 2 0 1 1 0
1396228030 188 153 50 0 3 17 1 0 1 2 0 1 1 0
1396262024 189 153 50 0 3 17 1 0 1 2 0 1 1 0
1396291386 189 154 50 0 3 17 1 0 1 2 0 1 1 0
1396294892 189 155 50 0 3 17 1 0 1 2 0 1 1 0
1396304702 189 156 50 0 3 17 1 0 1 2 0 1 1 0
1396335771 190 156 50 0 3 17 1 0 1 2 0 1 1 0
1396336989 191 156 50 0 3 17 1 0 1 2 0 1 1 0
1396345348 192 156 50 0 3 17 1 0 1 2 0 1 1 0
1396345896 193 156 50 0 3 17 1 0 1 2 0 1 1 0
1396351577 194 156 50 0 3 17 1 0 1 2 0 1 1 0
1396365105 194 156 50 0 4 17 1 0 1 2 0 1 1 0
1396365113 194 156 50 0 5 17 1 0 1 2 0 1 1 0
1396372596 195 156 50 0 5 17 1 0 1 2 0 1 1 0
1396372968 196 156 50 0 5 17 1 0 1 2 0 1 1 0
1396387169 197 156 50 0 5 17 1 0 1 2 0 1 1 0
1396433485 198 156 50 0 5 17 1 0 1 2 0 1 1 0
1396450850 199 156 50 0 5 17 1 0 1 2 0 1 1 0
1396450970 200 156 50 0 5 17 1 0 1 2 0 1 1 0
1396451143 201 156 50 0 5 17 1 0 1 2 0 1 1 0
1396451471 202 156 50 0 5 17 1 0 1 2 0 1 1 0
1396452196 203 156 50 0 5 17 1 0 1 2 0 1 1 0
1396452470 204 156 50 0 5 17 1 0 1 2 0 1 1 0
1396452853 205 156 50 0 5 17 1 0 1 2 0 1 1 0
1396453706 206 156 50 0 5 17 1 0 1 2 0 1 1 0
1396453823 207 156 50 0 5 17 1 0 1 2 0 1 1 0
1396453980 208 156 50 0 5 17 1 0 1 2 0 1 1 0
1396454069 209 156 50 0 5 17 1 0 1 2 0 1 1 0
1396460736 210 156 50 0 5 17 1 0 1 2 0 1 1 0
1396463224 211 156 50 0 5 17 1 0 1 2 0 1 1 0
1396463576 212 156 50 0 5 17 1 0 1 2 0 1 1 0
1396464669 213 156 50 0 5 17 1 0 1 2 0 1 1 0
1396465406 214 156 50 0 5 17 1 0 1 2 0 1 1 0
1396467611 215 156 50 0 5 17 1 0 1 2 0 1 1 0
1396468198 216 156 50 0 5 17 1 0 1 2 0 1 1 0
1396468307 217 156 50 0 5 17 1 0 1 2 0 1 1 0
1396469029 218 156 50 0 5 17 1 0 1 2 0 1 1 0
1396470585 219 156 50 0 5 17 1 0 1 2 0 1 1 0
1396472493 220 156 50 0 5 17 1 0 1 2 0 1 1 0
1396472922 221 156 50 0 5 17 1 0 1 2 0 1 1 0
1396473079 222 156 50 0 5 17 1 0 1 2 0 1 1 0
1396473773 223 156 50 0 5 17 1 0 1 2 0 1 1 0
1396474679 224 156 50 0 5 17 1 0 1 2 0 1 1 0
1396475064 225 156 50 0 5 17 1 0 1 2 0 1 1 0
1396509849 226 156 50 0 5 17 1 0 1 2 0 1 1 0
1396511331 227 156 50 0 5 17 1 0 1 2 0 1 1 0
1396512384 228 156 50 0 5 17 1 0 1 2 0 1 1 0
1396520827 229 156 50 0 5 17 1 0 1 2 0 1 1 0
1396523959 230 156 50 0 5 17 1 0 1 2 0 1 1 0
1396527358 231 156 50 0 5 17 1 0 1 2 0 1 1 0
1396552970 232 156 50 0 5 17 1 0 1 2 0 1 1 0
1396575475 232 157 50 0 5 17 1 0 1 2 0 1 1 0
1396584255 232 158 50 0 5 17 1 0 1 2 0 1 1 0
1396591158 233 158 50 0 5 17 1 0 1 2 0 1 1 0
1396891881 233 159 50 0 5 17 1 0 1 2 0 1 1 0
1396892300 233 160 50 0 5 17 1 0 1 2 0 1 1 0
1396971286 233 160 50 0 6 17 1 0 1 2 0 1 1 0
1397027020 234 160 50 0 6 17 1 0 1 2 0 1 1 0
1397157448 234 161 50 0 6 17 1 0 1 2 0 1 1 0
1397497668 234 161 50 0 7 17 1 0 1 2 0 1 1 0
1397576269 234 161 50 0 8 17 1 0 1 2 0 1 1 0
1397588946 234 162 50 0 8 17 1 0 1 2 0 1 1 0
1397740033 234 162 50 0 8 17 1 1 1 2 0 1 1 0
1398107283 234 163 50 0 8 17 1 1 1 2 0 1 1 0
1398253458 234 163 50 0 8 17 1 2 1 2 0 1 1 0
1398795318 234 164 50 0 8 17 1 2 1 2 0 1 1 0
1398891603 234 165 50 0 8 17 1 2 1 2 0 1 1 0
1398893349 234 166 50 0 8 17 1 2 1 2 0 1 1 0
1398893350 234 167 50 0 8 17 1 2 1 2 0 1 1 0
1399123062 234 167 50 0 8 17 1 2 1 2 0 1 1 1
1399304625 234 168 50 0 8 17 1 2 1 2 0 1 1 1
1399413759 234 169 50 0 8 17 1 2 1 2 0 1 1 1
1399414540 234 170 50 0 8 17 1 2 1 2 0 1 1 1
1399502229 234 171 50 0 8 17 1 2 1 2 0 1 1 1
1399657677 234 172 50 0 8 17 1 2 1 2 0 1 1 1
1400085161 234 173 50 0 8 17 1 2 1 2 0 1 1 1
1400085509 234 174 50 0 8 17 1 2 1 2 0 1 1 1
1400193003 234 175 50 0 8 17 1 2 1 2 0 1 1 1
1400266797 234 176 50 0 8 17 1 2 1 2 0 1 1 1
1400593742 234 177 50 0 8 17 1 2 1 2 0 1 1 1
1400597223 234 178 50 0 8 17 1 2 1 2 0 1 1 1
1400609095 234 179 50 0 8 17 1 2 1 2 0 1 1 1
1401907645 235 179 50 0 8 17 1 2 1 2 0 1 1 1
1401967773 236 179 50 0 8 17 1 2 1 2 0 1 1 1
1401975112 237 179 50 0 8 17 1 2 1 2 0 1 1 1
1401977543 238 179 50 0 8 17 1 2 1 2 0 1 1 1
1402117191 239 179 50 0 8 17 1 2 1 2 0 1 1 1
1402119084 240 179 50 0 8 17 1 2 1 2 0 1 1 1
1402120043 241 179 50 0 8 17 1 2 1 2 0 1 1 1
1402158753 242 179 50 0 8 17 1 2 1 2 0 1 1 1
1402468472 243 179 50 0 8 17 1 2 1 2 0 1 1 1
1402471370 244 179 50 0 8 17 1 2 1 2 0 1 1 1
1402473053 245 179 50 0 8 17 1 2 1 2 0 1 1 1
1402507100 245 180 50 0 8 17 1 2 1 2 0 1 1 1
1402531025 245 181 50 0 8 17 1 2 1 2 0 1 1 1
1402550824 246 181 50 0 8 17 1 2 1 2 0 1 1 1
1402602391 246 182 50 0 8 17 1 2 1 2 0 1 1 1
1402676962 246 183 50 0 8 17 1 2 1 2 0 1 1 1
1402695674 246 184 50 0 8 17 1 2 1 2 0 1 1 1
1402724123 247 184 50 0 8 17 1 2 1 2 0 1 1 1
1403045831 247 185 50 0 8 17 1 2 1 2 0 1 1 1
1403117585 247 186 50 0 8 17 1 2 1 2 0 1 1 1
1403287841 247 187 50 0 8 17 1 2 1 2 0 1 1 1
1403636822 247 188 50 0 8 17 1 2 1 2 0 1 1 1
1403769199 247 188 50 0 8 17 1 2 1 2 1 1 1 1
1403802106 247 189 50 0 8 17 1 2 1 2 1 1 1 1
1403856782 247 189 50 0 8 17 1 2 1 2 2 1 1 1
1403889141 247 189 50 1 8 17 1 2 1 2 2 1 1 1
1404939193 248 189 50 1 8 17 1 2 1 2 2 1 1 1
1404939688 249 189 50 1 8 17 1 2 1 2 2 1 1 1
1404939957 250 189 50 1 8 17 1 2 1 2 2 1 1 1
1404942209 251 189 50 1 8 17 1 2 1 2 2 1 1 1
1404987144 252 189 50 1 8 17 1 2 1 2 2 1 1 1
1404988050 253 189 50 1 8 17 1 2 1 2 2 1 1 1
1404988855 254 189 50 1 8 17 1 2 1 2 2 1 1 1
1405036985 254 189 50 2 8 17 1 2 1 2 2 1 1 1
1405040459 254 189 50 3 8 17 1 2 1 2 2 1 1 1
1405061647 255 189 50 3 8 17 1 2 1 2 2 1 1 1
1405122051 255 189 50 4 8 17 1 2 1 2 2 1 1 1
1405122065 255 189 50 5 8 17 1 2 1 2 2 1 1 1
1405122085 255 189 50 6 8 17 1 2 1 2 2 1 1 1
1405124319 255 189 50 7 8 17 1 2 1 2 2 1 1 1
1405373858 255 189 50 8 8 17 1 2 1 2 2 1 1 1
1405373958 255 189 50 9 8 17 1 2 1 2 2 1 1 1
1405450055 255 189 50 10 8 17 1 2 1 2 2 1 1 1
1405450142 255 189 50 11 8 17 1 2 1 2 2 1 1 1
1405676040 256 189 50 11 8 17 1 2 1 2 2 1 1 1
1406026493 257 189 50 11 8 17 1 2 1 2 2 1 1 1
1406026549 258 189 50 11 8 17 1 2 1 2 2 1 1 1
1406065809 259 189 50 11 8 17 1 2 1 2 2 1 1 1
1406191820 260 189 50 11 8 17 1 2 1 2 2 1 1 1
1406192349 261 189 50 11 8 17 1 2 1 2 2 1 1 1
1406285878 262 189 50 11 8 17 1 2 1 2 2 1 1 1
1406304390 263 189 50 11 8 17 1 2 1 2 2 1 1 1
1406327560 264 189 50 11 8 17 1 2 1 2 2 1 1 1
1406498820 264 189 50 11 8 17 2 2 1 2 2 1 1 1
1406499970 264 189 50 11 8 17 3 2 1 2 2 1 1 1
1406506161 265 189 50 11 8 17 3 2 1 2 2 1 1 1
1406506319 266 189 50 11 8 17 3 2 1 2 2 1 1 1
1406552009 267 189 50 11 8 17 3 2 1 2 2 1 1 1
1406581678 267 189 50 11 8 17 4 2 1 2 2 1 1 1
1406581798 268 189 50 11 8 17 4 2 1 2 2 1 1 1
1406624221 269 189 50 11 8 17 4 2 1 2 2 1 1 1
1406643180 270 189 50 11 8 17 4 2 1 2 2 1 1 1
1406654983 270 189 50 12 8 17 4 2 1 2 2 1 1 1
1406669038 271 189 50 12 8 17 4 2 1 2 2 1 1 1
1406672167 272 189 50 12 8 17 4 2 1 2 2 1 1 1
1406672357 273 189 50 12 8 17 4 2 1 2 2 1 1 1
1406673448 274 189 50 12 8 17 4 2 1 2 2 1 1 1
1406674386 275 189 50 12 8 17 4 2 1 2 2 1 1 1
1406675562 275 189 50 13 8 17 4 2 1 2 2 1 1 1
1406677366 275 189 50 14 8 17 4 2 1 2 2 1 1 1
1406678505 275 189 50 15 8 17 4 2 1 2 2 1 1 1
1406734186 276 189 50 15 8 17 4 2 1 2 2 1 1 1
1406735026 277 189 50 15 8 17 4 2 1 2 2 1 1 1
1406739645 277 189 50 16 8 17 4 2 1 2 2 1 1 1
1406740277 277 189 50 17 8 17 4 2 1 2 2 1 1 1
1406744834 277 189 50 18 8 17 4 2 1 2 2 1 1 1
1406756483 278 189 50 18 8 17 4 2 1 2 2 1 1 1
1406756589 278 189 50 19 8 17 4 2 1 2 2 1 1 1
1406756659 278 189 50 20 8 17 4 2 1 2 2 1 1 1
1406756706 278 189 50 21 8 17 4 2 1 2 2 1 1 1
1406757601 279 189 50 21 8 17 4 2 1 2 2 1 1 1
1406759419 280 189 50 21 8 17 4 2 1 2 2 1 1 1
1406764446 280 189 50 22 8 17 4 2 1 2 2 1 1 1
1406826014 280 189 50 23 8 17 4 2 1 2 2 1 1 1
1406828425 280 189 50 24 8 17 4 2 1 2 2 1 1 1
1406834619 281 189 50 24 8 17 4 2 1 2 2 1 1 1
1406842288 281 189 50 24 8 17 5 2 1 2 2 1 1 1
1406893382 282 189 50 24 8 17 5 2 1 2 2 1 1 1
1406909615 283 189 50 24 8 17 5 2 1 2 2 1 1 1
1406911067 284 189 50 24 8 17 5 2 1 2 2 1 1 1
1406915211 285 189 50 24 8 17 5 2 1 2 2 1 1 1
1406916538 286 189 50 24 8 17 5 2 1 2 2 1 1 1
1406920143 287 189 50 24 8 17 5 2 1 2 2 1 1 1
1406924328 288 189 50 24 8 17 5 2 1 2 2 1 1 1
1406924427 288 189 50 24 9 17 5 2 1 2 2 1 1 1
1406924486 289 189 50 24 10 17 5 2 1 2 2 1 1 1
1407178588 290 189 50 24 10 17 5 2 1 2 2 1 1 1
1407179426 291 189 50 24 10 17 5 2 1 2 2 1 1 1
1407261833 292 189 50 24 10 17 5 2 1 2 2 1 1 1
1407261926 293 189 50 24 10 17 5 2 1 2 2 1 1 1
1407452442 294 189 50 24 10 17 5 2 1 2 2 1 1 1
1407454274 294 189 50 24 10 17 6 2 1 2 2 1 1 1
1407456421 295 189 50 24 10 17 6 2 1 2 2 1 1 1
1407458079 296 189 50 24 10 17 6 2 1 2 2 1 1 1
1407458684 297 189 50 24 10 17 6 2 1 2 2 1 1 1
1407795757 297 189 50 24 11 17 6 2 1 2 2 1 1 1
1407876217 297 189 50 24 12 17 6 2 1 2 2 1 1 1
1407876370 297 189 50 24 13 17 6 2 1 2 2 1 1 1
1408143077 297 189 50 24 14 17 6 2 1 2 2 1 1 1
1408563349 297 189 50 24 15 17 6 2 1 2 2 1 1 1
1409079381 297 189 51 24 15 17 6 2 1 2 2 1 1 1
1409138484 297 189 51 24 15 17 6 2 2 2 2 1 1 1
1409246807 297 189 51 24 16 17 6 2 2 2 2 1 1 1
1409516244 298 189 51 24 16 17 6 2 2 2 2 1 1 1
1409520832 299 189 51 24 16 17 6 2 2 2 2 1 1 1
1409565557 300 189 51 24 16 17 6 2 2 2 2 1 1 1
1409574636 301 189 51 24 16 17 6 2 2 2 2 1 1 1
1409577535 302 189 51 24 16 17 6 2 2 2 2 1 1 1
1409577860 303 189 51 24 16 17 6 2 2 2 2 1 1 1
1409641885 304 189 51 24 16 17 6 2 2 2 2 1 1 1
1409675822 304 189 51 24 17 17 6 2 2 2 2 1 1 1
1409735826 305 189 51 24 17 17 6 2 2 2 2 1 1 1
1409941713 305 189 51 24 18 17 6 2 2 2 2 1 1 1
1410033230 305 189 51 25 18 17 6 2 2 2 2 1 1 1
1410033292 305 189 51 26 18 17 6 2 2 2 2 1 1 1
1410037492 305 189 51 27 18 17 6 2 2 2 2 1 1 1
1410194028 305 189 51 28 18 17 6 2 2 2 2 1 1 1
1410209654 306 189 51 28 18 17 6 2 2 2 2 1 1 1
1410279572 306 189 51 28 18 17 7 2 2 2 2 1 1 1
1410533618 306 189 51 28 18 17 7 3 2 2 2 1 1 1
1410887507 306 189 51 28 19 17 7 3 2 2 2 1 1 1
1410998503 306 189 51 29 19 17 7 3 2 2 2 1 1 1
1410998994 306 189 51 29 20 17 7 3 2 2 2 1 1 1
1411026200 307 189 51 29 20 17 7 3 2 2 2 1 1 1
1411027709 308 189 51 29 20 17 7 3 2 2 2 1 1 1
1411063874 308 189 51 30 20 17 7 3 2 2 2 1 1 1
1412005554 309 189 51 30 20 17 7 3 2 2 2 1 1 1
1413213684 309 189 51 30 21 17 7 3 2 2 2 1 1 1
1413479735 309 189 51 31 21 17 7 3 2 2 2 1 1 1
1413486017 309 189 51 31 21 17 8 3 2 2 2 1 1 1
1413486577 310 189 51 31 21 17 8 3 2 2 2 1 1 1
1413486954 310 189 51 31 21 17 9 3 2 2 2 1 1 1
1413753277 311 189 51 31 21 17 9 3 2 2 2 1 1 1
1413753575 312 189 51 31 21 17 9 3 2 2 2 1 1 1
1413755008 312 189 51 31 21 17 10 3 2 2 2 1 1 1
1413837187 313 189 51 31 21 17 10 3 2 2 2 1 1 1
1413839522 314 189 51 31 21 17 10 3 2 2 2 1 1 1
1413839974 314 189 51 31 21 17 11 3 2 2 2 1 1 1
1413843709 315 189 51 31 21 17 11 3 2 2 2 1 1 1
1413844049 316 189 51 31 21 17 11 3 2 2 2 1 1 1
1413851972 317 189 51 31 21 17 11 3 2 2 2 1 1 1
1413975182 318 189 51 31 21 17 11 3 2 2 2 1 1 1
1414064021 319 189 51 31 21 17 11 3 2 2 2 1 1 1
1414066395 320 189 51 31 21 17 11 3 2 2 2 1 1 1
1414067317 321 189 51 31 21 17 11 3 2 2 2 1 1 1
1414067426 321 189 51 31 21 17 12 3 2 2 2 1 1 1
1414102651 322 189 51 31 21 17 12 3 2 2 2 1 1 1
1414629510 322 189 51 32 21 17 12 3 2 2 2 1 1 1
1415027060 322 189 51 32 21 17 12 4 2 2 2 1 1 1
1415028909 322 189 51 32 21 17 12 5 2 2 2 1 1 1
1415409398 322 189 51 33 21 17 12 5 2 2 2 1 1 1
1415648837 322 189 51 34 21 17 12 5 2 2 2 1 1 1
1415669943 322 189 51 35 21 17 12 5 2 2 2 1 1 1
1416262632 322 189 51 36 21 17 12 5 2 2 2 1 1 1
1416265106 322 189 51 37 21 17 12 5 2 2 2 1 1 1
1416501140 322 189 51 37 21 17 12 6 2 2 2 1 1 1
1416729165 323 189 51 37 21 17 12 6 2 2 2 1 1 1
1419098628 324 189 51 37 21 17 12 6 2 2 2 1 1 1
1419443557 324 189 51 37 21 17 12 7 2 2 2 1 1 1
1419444197 324 189 51 37 21 17 12 8 2 2 2 1 1 1
1420047343 324 189 51 37 21 17 12 9 2 2 2 1 1 1
1422897023 325 189 51 37 21 17 12 9 2 2 2 1 1 1
1423591790 325 189 51 37 21 17 13 9 2 2 2 1 1 1
1423746039 325 189 51 37 21 17 14 9 2 2 2 1 1 1
1423746149 325 189 51 37 21 17 15 9 2 2 2 1 1 1
1425996602 325 189 51 37 21 17 16 9 2 2 2 1 1 1
1426801015 325 189 51 37 21 17 17 9 2 2 2 1 1 1
1426871282 325 189 51 37 21 17 17 10 2 2 2 1 1 1
1426871365 325 189 51 37 21 17 17 11 2 2 2 1 1 1
1426871387 325 189 51 37 21 17 17 12 2 2 2 1 1 1
1426871532 325 189 51 37 21 17 17 13 2 2 2 1 1 1
1427213871 326 189 51 37 21 17 17 13 2 2 2 1 1 1
1430855626 326 189 51 37 21 17 17 14 2 2 2 1 1 1
