1368424410 4
1368496227 331
1368513997 331
1368515415 419
1369012326 450
1369041823 702
1369101530 722
1369127050 743
1369225281 743
1369225315 743
1369239104 748
1369239403 749
1369277700 899
1369289807 898
1369290279 898
1369292926 914
1369294641 1029
1369296077 1037
1369297387 1703
1369301187 1754
1369366244 1818
1369466785 1779
1369472343 1759
1369473398 1772
1369492319 2274
1369493143 2274
1370309205 2408
1370309417 2385
1372242314 1752
1374482696 1752
1374504098 2239
1374586015 2247
1374587767 2285
1374587937 2308
1374589025 2274
1374593918 2234
1374594352 2274
1374594990 2373
1374644313 1774
1375008250 2373
1375062850 2371
1375101429 2486
1375107913 2402
1375108948 2489
1375115514 2491
1375169422 2532
1375170052 2534
1375171726 2534
1375256980 2547
1375284301 2595
1375285395 2613
1375285705 2697
1375340427 2706
1375863386 2788
1375925534 2788
1375932422 2711
1375953161 2720
1376452470 2997
1376467938 2979
1376470614 2991
1376471278 2991
1376472041 2989
1376530822 3572
1377263032 3572
1377339192 3606
1377340812 3629
1377970229 3675
1378520356 3675
1378520373 3678
1378570036 3713
1378646967 3766
1379159985 4077
1379234770 4287
1379252025 4290
1379255911 4418
1379571689 4416
1380353530 5065
1380356666 5065
1380356715 5066
1380369379 5066
1380378361 5458
1380440116 5487
1381846878 5488
1384244881 5488
1387472761 5488
1387472810 5488
1387533778 5488
1387533825 5488
1387587119 7688
1398963368 8206
1420048774 9862
1420231659 9857
1427128765 8313
1430855820 8313
