1343764288 4
1343846765 569
1343927815 1588
1343950599 1773
1344181742 1969
1344196610 1980
1344355461 1980
1344358014 2017
1344364719 2100
1344368192 2171
1345162368 2287
1345164548 3193
1345244584 3252
1345412776 3681
1345416179 3141
1345417870 3186
1345487792 3182
1345499422 3236
1345658513 3364
1345659165 3368
1345659293 3368
1345659538 3368
1345659604 3368
1345659665 3368
1345660003 3368
1345660051 3368
1345660121 3368
1345661399 3365
1345661491 3362
1345661632 3362
1345661669 3362
1345671103 3360
1345671202 3360
1345671372 3360
1345675216 3381
1345675338 3372
1345675732 3372
1345675845 3376
1345675921 3381
1345676065 3381
1345676233 3381
1345676734 3381
1345677184 3383
1345677255 3383
1345677342 3383
1346259307 3381
1346452939 3381
1346882362 3381
1346882476 4772
1346883022 4770
1346889721 4799
1346963383 4854
1346973001 4852
1347305239 4897
1347384822 3971
1347470710 4087
1347489115 4083
1347567438 4076
1347567629 4076
1347581083 4229
1347581741 4220
1347648802 4278
1347915962 4386
1349221281 4419
1349221344 4480
1349221592 4480
1349221771 4480
1349299363 4450
1349306488 4450
1349306530 4449
1350331518 6741
1350341829 6753
1351018918 6935
1351023651 7010
1351030976 7118
1351621369 7119
1351621530 7119
1354834133 7143
1354839698 7195
1355178648 7267
1358276765 7267
1361296840 7276
1361297012 7277
1362600110 7275
1377020194 7280
1377024214 7447
1377028247 5039
1377028559 5042
1390421035 18251
1410905423 15699
1410905523 15699
1410905670 15699
1410905764 15695
1410905786 15699
1410905856 15799
1410905884 15800
1410906278 15800
1412879222 15800
