1358287670 0 129 0 0 0 0 0 0
1358294684 0 11134 0 0 0 0 0 0
1358298147 0 11169 0 0 0 0 0 0
1358364798 0 11205 0 0 0 0 0 0
1358554969 0 11445 0 0 0 0 0 0
1358791230 0 11450 0 0 0 0 0 0
1358793281 0 11450 0 0 0 0 0 0
1358806310 0 12211 0 0 0 0 0 0
1358905930 0 13157 0 0 0 0 0 0
1359054573 0 13447 0 0 0 0 0 0
1359064752 0 13541 0 0 0 0 0 0
1359068652 0 13541 0 0 0 0 0 0
1359072002 0 13561 0 0 0 0 0 0
1359139303 0 13565 0 0 0 0 0 0
1359139824 0 13566 0 0 0 0 0 0
1359398213 0 13567 0 0 0 0 0 0
1359399348 0 13567 0 0 0 0 0 0
1359664101 0 13567 0 0 43 0 0 0
1359673824 0 13810 0 0 43 0 0 0
1360094635 0 14379 0 0 43 0 0 0
1360186612 0 14380 0 0 43 0 0 0
1360194075 0 14383 0 0 43 0 0 0
1360194209 0 14383 0 0 43 0 0 0
1360194316 0 14384 0 0 43 0 0 0
1360194699 0 14385 0 0 43 0 0 0
1360194772 0 14385 0 0 43 0 0 0
1360196630 0 14401 0 0 43 0 0 0
1360196843 0 14401 0 0 43 0 0 0
1360258983 0 14523 0 0 43 0 0 0
1360377053 0 14570 0 0 43 0 0 0
1361227113 0 14948 0 0 43 0 0 0
1362331767 0 16978 0 0 43 0 0 0
1363106722 0 16978 0 0 109 0 0 0
1363133885 0 20187 0 0 109 0 0 0
1363133938 0 20187 0 0 109 0 0 0
1363194176 0 20187 0 0 109 0 0 0
1363291966 0 20190 0 0 109 0 0 0
1363293691 0 20201 0 0 109 0 0 0
1363370712 0 20201 0 0 109 0 0 0
1363371098 0 20201 0 0 2024 0 0 0
1363402761 0 21306 0 0 2024 0 0 0
1363819518 0 21548 0 0 2024 0 0 0
1363916772 0 21652 0 0 2024 0 0 0
1363949306 5 21652 0 0 2024 0 0 0
1363951564 6 21652 0 0 2024 0 0 0
1363959048 6 21652 0 0 2024 0 0 0
1364135897 6 21652 1 0 2024 0 0 0
1364234046 6 21653 1 0 2024 0 0 0
1364245110 6 21693 1 0 2024 0 0 0
1364245617 6 21694 1 0 2024 0 0 0
1364249002 6 21694 1 0 2024 0 0 0
1364338184 6 21806 1 0 2024 0 0 0
1364425471 6 21811 1 0 2024 0 0 0
1364511158 6 21830 1 0 2024 0 0 0
1364840825 6 21842 1 0 2024 0 0 0
1364850859 6 21878 1 0 2024 0 0 0
1364939614 6 21879 1 0 2024 0 0 0
1364939868 6 21879 1 0 2024 0 0 0
1364940466 6 21879 1 0 2024 0 0 0
1365104413 6 21880 1 0 2024 0 0 0
1365115192 6 22073 1 0 2024 0 0 0
1365115504 6 22074 1 0 2024 0 0 0
1365471658 6 22120 1 0 2024 0 0 0
1365545210 6 22121 1 0 2024 0 0 0
1365694748 6 22128 1 0 2024 0 0 0
1365695388 6 22129 1 0 2024 0 0 0
1365695686 6 22129 1 0 2024 0 0 0
1365695687 6 22129 1 0 2024 0 0 0
1366133843 6 22188 1 0 2024 0 0 0
1366234011 6 22189 1 0 2024 0 0 0
1366234092 6 22189 1 0 2024 0 0 0
1366242587 6 22385 1 0 2024 0 0 0
1366311755 6 22389 1 0 2024 0 0 0
1366311868 6 22389 1 0 2024 0 0 0
1366658246 6 22452 1 0 2024 0 0 0
1367000677 6 22452 1 0 2024 0 0 16
1367075729 6 22467 1 0 2024 0 0 16
1367076293 6 22467 1 0 2024 0 0 16
1367171480 6 22525 1 0 2024 0 0 16
1367172128 6 22527 1 0 2024 0 0 16
1367253875 6 22562 1 0 2024 0 0 16
1367509489 6 22563 1 0 2024 0 0 16
1367509590 6 22563 1 0 2024 0 0 16
1367509591 6 22563 1 0 2024 0 0 16
1367511683 6 22564 1 0 2024 0 0 16
1367511872 6 22564 1 0 2024 0 0 16
1367857485 6 23424 1 0 2024 0 0 16
1368224093 6 24523 1 0 2024 0 0 16
1368224785 6 24524 1 0 2024 0 0 16
1368229868 6 24535 1 0 2024 0 0 16
1368572227 6 25120 1 0 2024 0 0 16
1368644482 6 25188 1 0 2024 0 0 16
1368664242 6 25348 1 0 2024 0 0 16
1368741542 6 25463 1 0 2024 0 0 16
1368746231 6 25502 1 0 2024 0 0 16
1368810708 6 25503 1 0 2024 0 0 16
1369242034 6 25742 1 0 2024 0 0 16
1369251409 6 25807 1 0 2024 0 0 16
1369262089 6 25835 1 0 2024 0 0 16
1369351243 6 26011 1 0 2024 0 0 16
1369776665 6 26403 1 0 2024 0 0 16
1370303254 6 26436 1 0 2024 0 0 16
1370647772 6 26575 1 0 2024 0 0 16
1370902755 6 26588 1 0 2024 0 0 16
1371100183 6 26606 1 0 2024 0 0 16
1371496793 6 26787 1 0 2024 0 0 16
1371508842 6 26870 1 0 2024 0 0 16
1371580710 6 26880 1 0 2024 0 0 16
1371580827 6 26880 1 0 2024 0 0 16
1371670848 6 26896 1 0 2024 0 0 16
1371677221 6 26897 1 0 2024 0 0 16
1371686779 6 26926 1 0 2024 0 0 16
1371832086 6 26940 1 0 2024 0 0 16
1371832761 6 26941 1 0 2024 0 0 16
1372087651 6 26942 1 0 2024 0 0 16
1372087949 6 26942 1 0 2024 0 0 16
1372087950 6 26942 1 0 2024 0 0 16
1372111663 6 26998 1 0 2024 0 0 16
1372186417 6 26999 1 0 2024 0 0 16
1372192214 6 27013 1 0 2024 0 0 16
1372193491 6 27013 1 0 2024 0 0 16
1372193603 6 27013 1 0 2024 0 0 16
1372193634 6 27013 1 0 2024 0 0 16
1372193762 6 27013 1 0 2024 0 0 16
1372193836 6 27013 1 0 2024 0 0 16
1373299519 6 27014 1 0 2024 0 0 16
1373299618 6 27014 1 0 2024 0 0 16
1373565609 6 27090 1 0 2024 0 0 16
1373578840 6 27090 1 0 2024 0 0 16
1373650445 6 27303 1 0 2024 0 0 16
1373900134 6 27303 1 0 2024 0 0 16
1374102240 6 29082 1 0 2024 0 0 16
1374171505 6 29082 3213 0 2024 0 0 16
1374171563 6 29082 3213 0 2024 0 0 16
1374249889 6 29132 3213 0 2024 0 0 16
1374250017 6 29132 3213 0 2024 0 0 16
1374250054 6 29132 3213 0 2024 0 0 16
1374533317 6 29140 3213 0 2024 0 0 16
1374680724 6 29153 3213 0 2024 0 0 16
1374681937 6 29153 3213 0 2024 0 0 16
1374706499 6 29158 3213 0 2024 0 0 16
1374789012 6 29215 3213 0 2024 0 0 16
1374793702 6 29230 3213 0 2024 0 0 16
1375030990 6 29301 3213 0 2024 0 0 16
1375031033 6 29302 3213 0 2024 0 0 16
1375121456 6 29399 3213 0 2024 0 0 16
1375209759 6 29399 3213 0 2024 0 0 16
1375317384 6 31222 3213 0 2024 0 0 16
1375317415 6 31223 3213 0 2024 0 0 16
1375400970 6 31613 3213 0 2024 0 0 16
1375473232 6 31665 3213 0 2024 0 0 16
1375712883 6 31665 3213 0 2024 0 0 16
1375713941 6 31665 3216 0 2024 0 0 16
1375826981 6 31823 3216 0 2024 0 0 16
1375999229 6 31974 3216 0 2024 0 0 16
1376097144 6 31999 3216 0 2024 0 0 16
1376325465 6 32118 3216 0 2024 0 0 16
1376341424 6 32149 3216 0 2024 0 0 16
1376358135 6 32179 3216 0 2024 0 0 16
1376412141 6 32181 3216 0 2024 0 0 16
1376413655 6 32182 3216 0 2024 0 0 16
1376413724 6 32182 3216 0 2024 0 0 16
1376415000 6 32183 3216 0 2024 0 0 16
1376415057 6 32183 3216 0 2024 0 0 16
1376691780 6 32874 3216 0 2024 0 0 16
1376691955 6 32874 3216 0 2024 0 0 16
1376691971 6 32874 3216 0 2024 0 0 16
1377021626 6 32880 3216 0 2024 0 0 16
1377028494 6 32881 3216 0 2024 0 0 16
1377104865 6 33047 3216 0 2024 0 0 16
1377107960 6 33048 3216 0 2024 0 0 16
1377108170 6 33049 3216 0 2024 0 0 16
1377111874 6 33073 3216 0 2024 0 0 16
1377111902 6 33074 3216 0 2024 0 0 16
1377111947 6 33074 3216 0 2024 0 0 16
1377190911 6 33082 3216 0 2024 0 0 16
1377194878 6 33093 3216 0 2024 0 0 16
1377195228 6 33095 3216 0 2024 0 0 16
1377203345 6 33095 3216 0 2024 0 0 16
1377215270 6 33129 3216 0 2024 0 0 16
1377215287 6 33129 3216 0 2024 0 0 16
1377792546 6 33566 3216 0 2024 0 0 16
1377798138 6 33569 3216 0 2024 0 0 16
1377905314 6 33572 3216 0 2024 0 0 16
1378308713 6 33577 3216 0 2024 0 0 16
1378329198 6 33578 3216 0 2024 0 0 16
1378329516 6 33578 3216 0 2024 0 0 16
1378329865 6 33579 3216 0 2024 0 0 16
1378425514 6 33581 3216 0 2024 0 0 16
1378510682 6 33582 3216 0 2024 0 0 16
1378582967 6 33583 3216 0 2024 0 0 16
1378681999 6 33903 3216 0 2024 0 0 16
1378755554 6 33904 3216 0 2024 0 0 16
1378762583 6 33956 3216 0 2024 0 0 16
1378816979 115 33956 3216 0 2024 0 0 16
1378829819 122 33956 3216 0 2024 0 0 16
1378839952 122 33960 3216 0 2024 0 0 16
1378846747 342 33960 3216 0 2024 0 0 16
1378890605 347 33960 3216 0 2024 0 0 16
1378891181 348 33960 3216 0 2024 0 0 16
1378900054 361 33960 3216 0 2024 0 0 16
1379012027 399 33960 3216 0 2024 0 0 16
1379014495 422 33960 3216 0 2024 0 0 16
1379274614 422 33960 3216 0 2024 0 0 16
1379274641 424 33960 3216 0 2024 0 0 16
1379329807 451 33960 3216 0 2024 0 0 16
1379343375 452 33960 3216 0 2024 0 0 16
1379364625 453 33960 3216 0 2024 0 0 16
1379406500 454 33960 3216 0 2024 0 0 16
1379429220 455 33960 3216 0 2024 0 0 16
1379542873 586 33960 3216 0 2024 0 0 16
1379546786 595 33960 3216 0 2024 0 0 16
1380125951 641 33960 3216 0 2024 0 0 16
1380127619 643 33960 3216 0 2024 0 0 16
1380192031 643 33960 3216 0 2024 0 0 16
1380193170 649 33960 3216 0 2024 0 0 16
1380214303 1063 33960 3216 0 2024 0 0 16
1380220454 1064 33960 3216 0 2024 0 0 16
1380271762 1065 33960 3216 0 2024 0 0 16
1380272502 1066 33960 3216 0 2024 0 0 16
1380277439 1067 33960 3216 0 2024 0 0 16
1380285525 1114 33960 3216 0 2024 0 0 16
1380292263 1231 33960 3216 0 2024 0 0 16
1380323420 1842 33960 3216 0 2024 0 0 16
1380324272 1843 33960 3216 0 2024 0 0 16
1380363630 1845 33960 3216 0 2024 0 0 16
1380605516 1849 33960 3216 0 2024 0 0 16
1380608477 1860 33960 3216 0 2024 0 0 16
1380614348 1898 33960 3216 0 2024 0 0 16
1380626238 1900 33960 3216 0 2024 0 0 16
1380710041 3172 33960 3216 0 2024 0 0 16
1380730329 3177 33960 3216 0 2024 0 0 16
1380738038 3177 34523 3216 0 2024 0 0 16
1380738493 3177 34523 3216 0 2024 0 0 16
1380747435 3179 34523 3216 0 2024 0 0 16
1380747642 3179 34523 3216 0 2024 0 0 16
1380813001 3185 34523 3216 0 2024 0 0 16
1380819100 4662 34523 3216 0 2024 0 0 16
1380829859 4727 34523 3216 0 2024 0 0 16
1380834927 5022 34523 3216 0 2024 0 0 16
1380840478 5023 34523 3216 0 2024 0 0 16
1380873021 5687 34523 3216 0 2024 0 0 16
1380885697 5786 34523 3216 0 2024 0 0 16
1380892486 5877 34523 3216 0 2024 0 0 16
1380894320 5941 34523 3216 0 2024 0 0 16
1380907837 5941 34524 3216 0 2024 0 0 16
1380924600 5941 35168 3216 0 2024 0 0 16
1381008183 5941 38002 3216 0 2024 0 0 16
1381012650 5941 38770 3216 0 2024 0 0 16
1381146003 5962 38770 3216 0 2024 0 0 16
1381147219 5962 38770 3216 0 2024 0 0 16
1381147307 5963 38770 3216 0 2024 0 0 16
1381172358 5964 38770 3216 0 2024 0 0 16
1381177924 6147 38770 3216 0 2024 0 0 16
1381221974 6149 38770 3216 0 2024 0 0 16
1381234315 6314 38770 3216 0 2024 0 0 16
1381252163 6408 38770 3216 0 2024 0 0 16
1381254774 6427 38770 3216 0 2024 0 0 16
1381260009 6428 38770 3216 0 2024 0 0 16
1381268372 6429 38770 3216 0 2024 0 0 16
1381303257 6430 38770 3216 0 2024 0 0 16
1381307962 6431 38770 3216 0 2024 0 0 16
1381314943 6439 38770 3216 0 2024 0 0 16
1381323704 6450 38770 3216 0 2024 0 0 16
1381332521 6451 38770 3216 0 2024 0 0 16
1381368378 6901 38770 3216 0 2024 0 0 16
1381368424 6902 38770 3216 0 2024 0 0 16
1381404654 6903 38770 3216 0 2024 0 0 16
1381416506 12731 38770 3216 0 2024 0 0 16
1381417649 12762 38770 3216 0 2024 0 0 16
1381420653 12810 38770 3216 0 2024 0 0 16
1381423362 12878 38770 3216 0 2024 0 0 16
1381424382 12943 38770 3216 0 2024 0 0 16
1381424715 12946 38770 3216 0 2024 0 0 16
1381425332 12947 38770 3216 0 2024 0 0 16
1381426579 12969 38770 3216 0 2024 0 0 16
1381434405 12970 38770 3216 0 2024 0 0 16
1381436612 12995 38770 3216 0 2024 0 0 16
1381437540 12995 38770 3216 0 2024 0 0 16
1381508834 12996 38770 3216 0 2024 0 0 16
1381617844 13760 38770 3216 0 2024 0 0 16
1381700000 13911 38770 3216 0 2024 0 0 16
1381734162 13914 38770 3216 0 2024 0 0 16
1381735934 13989 38770 3216 0 2024 0 0 16
1381738587 13993 38770 3216 0 2024 0 0 16
1381741603 13995 38770 3216 0 2024 0 0 16
1381758065 20327 38770 3216 0 2024 0 0 16
1381765951 20447 38770 3216 0 2024 0 0 16
1381781764 20504 38770 3216 0 2024 0 0 16
1381787249 20525 38770 3216 0 2024 0 0 16
1381787521 20527 38770 3216 0 2024 0 0 16
1381892067 20527 38770 3216 0 2024 0 0 16
1381904803 20532 38770 3216 0 2024 0 0 16
1381905568 20535 38770 3216 0 2024 0 0 16
1381905668 20536 38770 3216 0 2024 0 0 16
1381914763 20739 38770 3216 0 2024 0 0 16
1381932673 20909 38770 3216 0 2024 0 0 16
1381998562 21196 38770 3216 0 2024 0 0 16
1382000752 21241 38770 3216 0 2024 0 0 16
1382006071 21434 38770 3216 0 2024 0 0 16
1382009852 21519 38770 3216 0 2024 0 0 16
1382010642 21527 38770 3216 0 2024 0 0 16
1382014777 21527 38770 3216 0 2024 0 0 16
1382015992 21527 38770 3216 0 2024 0 0 16
1382222534 21528 38770 3216 0 2024 0 0 16
1382377262 21528 38770 3216 0 2024 0 0 16
1382388814 21528 38784 3216 0 2024 0 0 16
1382432647 21635 38784 3216 0 2024 0 0 16
1382533539 21656 38784 3216 0 2024 0 0 16
1382536065 21658 38784 3216 0 2024 0 0 16
1382536520 21662 38784 3216 0 2024 0 0 16
1382566868 21665 38784 3216 0 2024 0 0 16
1382567718 21666 38784 3216 0 2024 0 0 16
1382868251 21668 38784 3216 0 2024 0 0 16
1382886792 21670 38784 3216 0 2024 0 0 16
1383780093 21687 38784 3216 0 2024 0 0 16
1383910814 21691 38784 3216 0 2024 0 0 16
1383913211 21692 38784 3216 0 2024 0 0 16
1383922876 21693 38784 3216 0 2024 0 0 16
1384016423 21694 38784 3216 0 2024 0 0 16
1384113861 21695 38784 3216 0 2024 0 0 16
1384114048 21695 38784 3216 0 2024 0 0 16
1384114077 21695 38784 3216 0 2024 0 0 16
1384283313 21695 38785 3216 0 2024 0 0 16
1384982886 21695 38787 3216 0 2024 0 0 16
1385058858 21695 38788 3216 0 2024 0 0 16
1385130270 21697 38788 3216 0 2024 0 0 16
1385406150 21697 38792 3216 0 2024 0 0 16
1385406334 21697 38792 3216 0 2024 0 0 16
1385409392 21697 38793 3216 0 2024 0 0 16
1385487121 21706 38793 3216 0 2024 0 0 16
1385543083 21709 38793 3216 0 2024 0 0 16
1385555364 21713 38793 3216 0 2024 0 0 16
1385595313 21721 38793 3216 0 2024 0 0 16
1385641622 21726 38793 3216 0 2024 0 0 16
1385647665 21729 38793 3216 0 2024 0 0 16
1385652555 21790 38793 3216 0 2024 0 0 16
1385676336 21792 38793 3216 0 2024 0 0 16
1385766302 21792 38823 3216 0 2024 0 0 16
1386023757 21792 38823 3216 0 2024 0 0 16
1386093199 21795 38823 3216 0 2024 0 0 16
1386096384 21795 38823 3216 0 2024 0 0 16
1386096531 21795 38824 3216 0 2024 0 0 16
1386203008 21795 38825 3216 0 2024 0 0 16
1386594911 21854 38825 3216 0 2024 0 0 16
1386707664 21854 38825 3216 0 2024 0 0 16
1386708060 21858 38825 3216 0 2024 0 0 16
1386781510 21860 38825 3216 0 2024 0 0 16
1386785155 21862 38825 3216 0 2024 0 0 16
1387476679 21862 38827 3216 0 2024 0 0 16
1387477427 21862 38831 3216 0 2024 0 0 16
1387569067 21862 38833 3216 0 2024 0 0 16
1387569126 21862 38833 3216 0 2024 0 0 16
1387569127 21862 38833 3216 0 2024 0 0 16
1388313740 21865 38833 3216 0 2024 0 0 16
1389136449 21866 38833 3216 0 2024 0 0 16
1389142199 21866 38835 3216 0 2024 0 0 16
1389154618 21866 38835 3216 0 2024 0 0 16
1389618382 21877 38835 3216 0 2024 0 0 16
1389624518 21878 38835 3216 0 2024 0 0 16
1389711045 21879 38835 3216 0 2024 0 0 16
1389809514 21879 38837 3216 0 2024 0 0 16
1389809528 21879 38837 3216 0 2024 0 0 16
1389912306 21879 38839 3216 0 2024 0 0 16
1389916991 21879 38854 3216 0 2024 0 0 16
1389917033 21879 38855 3216 0 2024 0 0 16
1390264079 21879 39479 3216 0 2024 0 0 16
1390265400 21879 39495 3216 0 2024 0 0 16
1390326514 21879 39497 3216 0 2024 0 0 16
1391627994 21879 39499 3216 0 2024 0 0 16
1392049254 21887 39499 3216 0 2024 0 0 16
1392077731 21974 39499 3216 0 2024 0 0 16
1392120239 21975 39499 3216 0 2024 0 0 16
1392213993 21977 39499 3216 0 2024 0 0 16
1392325954 21977 39499 3216 0 2024 0 0 16
1392328380 21979 39499 3216 0 2024 0 0 16
1394147486 21980 39499 3216 0 2024 0 0 16
1394754358 21980 39598 3216 0 2024 0 0 16
1394754368 21980 39598 3216 0 2024 0 0 16
1395064875 45725 39598 3216 0 2024 0 0 16
1395066963 45726 39598 3216 0 2024 0 0 16
1395070625 45746 39598 3216 0 2024 0 0 16
1395245562 45748 39598 3216 0 2024 0 0 16
1395251953 45749 39598 3216 0 2024 0 0 16
1395476429 45749 39598 3216 0 2024 0 0 16
1395478159 45749 39598 3216 0 2024 0 0 16
1395478250 45750 39598 3216 0 2024 0 0 16
1396585264 45750 39707 3216 0 2024 0 0 16
1397027251 45751 39707 3216 0 2024 0 0 16
1397501192 45751 39721 3216 0 2024 0 0 16
1397955808 45751 39721 3216 0 2024 2 0 16
1397955829 45751 39721 3216 0 2024 88 0 16
1397955837 45751 39721 3216 0 2024 91 0 16
1397956187 45751 39721 3216 0 2024 97 0 16
1398097983 45751 39721 3216 0 2024 97 0 16
1398203189 45751 39776 3216 0 2024 97 0 16
1398903967 45751 39776 3216 0 2024 97 0 16
1402437475 45753 39776 3216 0 2024 97 0 16
1402437522 45774 39776 3216 0 2024 97 0 16
1404949171 45777 39776 3216 0 2024 97 0 16
1406743248 45867 39776 3216 0 2024 97 0 16
1406752470 45898 39776 3216 0 2024 97 0 16
1407244452 45900 39776 3216 0 2024 97 0 16
1407418462 45901 39776 3216 0 2024 97 0 16
1407449369 46286 39776 3216 0 2024 97 0 16
1407455075 46287 39776 3216 0 2024 97 0 16
1407457756 46288 39776 3216 0 2024 97 0 16
1407459760 46297 39776 3216 0 2024 97 0 16
1410967764 46297 39776 3216 0 2024 97 0 16
1410967786 46299 39776 3216 0 2024 97 0 16
1410967829 46301 39776 3216 0 2024 97 0 16
1411997227 46301 39776 3216 0 2024 97 0 16
1411997249 46302 39776 3216 0 2024 97 0 16
1411997268 46303 39776 3216 0 2024 97 0 16
1411998038 46305 39776 3216 0 2024 97 0 16
1412007125 46356 39776 3216 0 2024 97 0 16
1412008017 46356 39776 3216 0 2024 97 0 16
1412008396 46358 39776 3216 0 2024 97 0 16
1412008815 46358 39776 3216 0 2024 97 0 16
1412011937 46358 39776 3216 0 2024 97 0 16
1412015300 46391 39776 3216 0 2024 97 0 16
1412664429 46410 39776 3216 0 2024 97 0 16
1413133122 46418 39776 3216 0 2024 97 0 16
1413133189 46418 39776 3216 0 2024 97 0 16
1413304381 46418 39776 3216 0 2024 97 0 16
1413315726 46418 39776 3230 0 2024 97 0 16
1413389941 46420 39776 3230 0 2024 97 0 16
1413673422 46420 39776 3230 15 2024 97 0 16
1413755275 46422 39776 3230 15 2024 97 0 16
1413793444 46455 39776 3230 15 2024 97 0 16
1413793713 46455 39776 3230 15 2024 97 0 16
1413796134 46460 39776 3230 15 2024 97 0 16
1413820296 46540 39776 3230 15 2024 97 0 16
1413820549 46540 39776 3230 15 2024 97 0 16
1413822486 46540 39776 3231 15 2024 97 0 16
1413822532 46540 39776 3231 15 2024 97 0 16
1413840120 46543 39776 3231 15 2024 97 0 16
1413844163 46544 39776 3231 15 2024 97 0 16
1413847070 46546 39776 3231 15 2024 97 0 16
1413852176 46554 39776 3231 15 2024 97 0 16
1413975280 46622 39776 3231 15 2024 97 0 16
1413989520 46622 39776 3231 15 2024 97 0 16
1413989590 46623 39776 3231 15 2024 97 0 16
1413992622 46666 39776 3231 15 2024 97 0 16
1413998894 46667 39776 3231 15 2024 97 0 16
1414053497 46682 39776 3231 15 2024 97 0 16
1414054326 46682 39776 3231 15 2024 97 0 16
1414054334 46683 39776 3231 15 2024 97 0 16
1414064082 46684 39776 3231 15 2024 97 0 16
1414067667 46685 39776 3231 15 2024 97 0 16
1414067738 46686 39776 3231 15 2024 97 0 16
1414075498 46733 39776 3231 15 2024 97 0 16
1414076972 46745 39776 3231 15 2024 97 0 16
1414496671 46746 39776 3231 15 2024 97 0 16
1414500143 46759 39776 3231 15 2024 97 0 16
1414514638 46759 39776 3232 15 2024 97 0 16
1414514697 46759 39776 3232 15 2024 97 0 16
1415028125 46759 39776 3240 15 2024 97 0 16
1415028543 46759 39776 3244 15 2024 97 0 16
1415028671 46759 39776 3248 15 2024 97 0 16
1415187606 46761 39776 3248 15 2024 97 0 16
1415187639 46761 39776 3248 15 2024 97 0 16
1415187697 46762 39776 3248 15 2024 97 0 16
1415192613 46822 39776 3248 15 2024 97 0 16
1415193454 46823 39776 3248 15 2024 97 0 16
1415197326 46824 39776 3248 15 2024 97 0 16
1415282552 46826 39776 3248 15 2024 97 0 16
1415285124 46834 39776 3248 15 2024 97 0 16
1415307250 46835 39776 3248 15 2024 97 0 16
1415472157 47005 39776 3248 15 2024 97 0 16
1415473923 47033 39776 3248 15 2024 97 0 16
1415474320 47042 39776 3248 15 2024 97 0 16
1415474656 47050 39776 3248 15 2024 97 0 16
1415474683 47054 39776 3248 15 2024 97 0 16
1415481359 47068 39776 3248 15 2024 97 0 16
1415531695 47104 39776 3248 15 2024 97 0 16
1415637683 47104 39776 3248 15 2024 97 0 16
1415638620 47108 39776 3248 15 2024 97 0 16
1415661727 47121 39776 3248 15 2024 97 0 16
1415662650 47139 39776 3248 15 2024 97 0 16
1415664272 47147 39776 3248 15 2024 97 0 16
1415666671 47148 39776 3248 15 2024 97 0 16
1415701011 47163 39776 3248 15 2024 97 0 16
1415701475 47164 39776 3248 15 2024 97 0 16
1415701564 47164 39776 3248 15 2024 97 0 16
1415701920 47165 39776 3248 15 2024 97 0 16
1415701959 47166 39776 3248 15 2024 97 0 16
1415703836 47167 39776 3248 15 2024 97 0 16
1415703959 47167 39776 3248 15 2024 97 0 16
1415834842 47168 39776 3248 15 2024 97 0 16
1415834887 47169 39776 3248 15 2024 97 0 16
1415892405 47169 39776 3249 15 2024 97 0 16
1415930157 47248 39776 3249 15 2024 97 0 16
1415930621 47249 39776 3249 15 2024 97 0 16
1416169275 47353 39776 3249 15 2024 97 0 16
1416170145 47358 39776 3249 15 2024 97 0 16
1416173574 47413 39776 3249 15 2024 97 0 16
1416397046 47413 39776 3249 15 2024 97 0 16
1416397114 47414 39776 3249 15 2024 97 0 16
1416475548 47415 39776 3249 15 2024 97 0 16
1416480732 47449 39776 3249 15 2024 97 0 16
1416480831 47449 39776 3249 15 2024 97 0 16
1416480992 47449 39776 3249 15 2024 97 0 16
1416481261 47449 39776 3249 15 2024 97 0 16
1416508889 47453 39776 3249 15 2024 97 0 16
1416509329 47454 39776 3249 15 2024 97 0 16
1416673761 47454 39776 3249 15 2024 97 0 16
1416867530 47455 39776 3249 15 2024 97 0 16
1417619169 47457 39776 3249 15 2024 97 0 16
1417622362 47501 39776 3249 15 2024 97 0 16
1417692845 47501 39776 3249 16 2024 97 0 16
1418381501 47501 39776 3249 17 2024 97 0 16
1418416872 47501 39776 3249 28 2024 97 0 16
1418420814 47517 39776 3249 28 2024 97 0 16
1418421454 47519 39776 3249 28 2024 97 0 16
1418433803 47521 39776 3249 28 2024 97 0 16
1418434734 47532 39776 3249 28 2024 97 0 16
1418730423 47532 39776 3249 29 2024 97 0 16
1418835078 47800 39776 3249 29 2024 97 0 16
1418852206 47801 39776 3249 29 2024 97 0 16
1418855075 47802 39776 3249 29 2024 97 0 16
1419445740 47802 39776 4709 29 2024 97 0 16
1419449690 47802 39776 4710 29 2024 97 0 16
1419611722 47802 39776 4712 29 2024 97 0 16
1420047655 47802 39776 4712 29 2024 97 0 16
1422346974 47803 39776 4712 29 2024 97 0 16
1422352238 47804 39776 4712 29 2024 97 0 16
1423746497 47804 39776 4712 31 2024 97 0 16
1425407210 47804 39776 4712 31 2024 98 0 16
1425407597 47804 39776 4712 31 2024 99 0 16
1426876324 47804 39776 4712 31 2024 99 0 16
1426877110 47804 39776 4712 31 2024 99 0 16
1426878426 47804 39776 4714 31 2024 99 0 16
1426878558 47804 39776 4714 31 2024 99 0 16
1427126199 47804 39776 4716 31 2024 99 0 16
1427990905 47804 39776 4718 31 2024 99 0 16
1428004150 47804 39776 4719 31 2024 99 0 16
1430861991 47804 39776 4721 31 2024 99 0 16
1430862053 47804 39776 4721 31 2024 99 0 16
