1358287670 0 1 0 0 0 0 0 0
1358294684 0 2 0 0 0 0 0 0
1358298147 0 3 0 0 0 0 0 0
1358364798 0 4 0 0 0 0 0 0
1358554969 0 5 0 0 0 0 0 0
1358791230 0 6 0 0 0 0 0 0
1358793281 0 7 0 0 0 0 0 0
1358806310 0 8 0 0 0 0 0 0
1358905930 0 9 0 0 0 0 0 0
1359054573 0 10 0 0 0 0 0 0
1359064752 0 11 0 0 0 0 0 0
1359068652 0 12 0 0 0 0 0 0
1359072002 0 13 0 0 0 0 0 0
1359139303 0 14 0 0 0 0 0 0
1359139824 0 15 0 0 0 0 0 0
1359398213 0 16 0 0 0 0 0 0
1359399348 0 17 0 0 0 0 0 0
1359664101 0 17 0 0 1 0 0 0
1359673824 0 18 0 0 1 0 0 0
1360094635 0 19 0 0 1 0 0 0
1360186612 0 20 0 0 1 0 0 0
1360194075 0 21 0 0 1 0 0 0
1360194209 0 22 0 0 1 0 0 0
1360194316 0 23 0 0 1 0 0 0
1360194699 0 24 0 0 1 0 0 0
1360194772 0 25 0 0 1 0 0 0
1360196630 0 26 0 0 1 0 0 0
1360196843 0 27 0 0 1 0 0 0
1360258983 0 28 0 0 1 0 0 0
1360377053 0 29 0 0 1 0 0 0
1361227113 0 30 0 0 1 0 0 0
1362331767 0 31 0 0 1 0 0 0
1363106722 0 31 0 0 2 0 0 0
1363133885 0 32 0 0 2 0 0 0
1363133938 0 33 0 0 2 0 0 0
1363194176 0 33 0 0 3 0 0 0
1363291966 0 34 0 0 3 0 0 0
1363293691 0 35 0 0 3 0 0 0
1363370712 0 35 0 0 4 0 0 0
1363371098 0 35 0 0 5 0 0 0
1363402761 0 36 0 0 5 0 0 0
1363819518 0 37 0 0 5 0 0 0
1363916772 0 38 0 0 5 0 0 0
1363949306 1 38 0 0 5 0 0 0
1363951564 2 38 0 0 5 0 0 0
1363959048 2 38 0 0 6 0 0 0
1364135897 2 38 1 0 6 0 0 0
1364234046 2 39 1 0 6 0 0 0
1364245110 2 40 1 0 6 0 0 0
1364245617 2 41 1 0 6 0 0 0
1364249002 2 42 1 0 6 0 0 0
1364338184 2 43 1 0 6 0 0 0
1364425471 2 44 1 0 6 0 0 0
1364511158 2 45 1 0 6 0 0 0
1364840825 2 46 1 0 6 0 0 0
1364850859 2 47 1 0 6 0 0 0
1364939614 2 48 1 0 6 0 0 0
1364939868 2 49 1 0 6 0 0 0
1364940466 2 50 1 0 6 0 0 0
1365104413 2 51 1 0 6 0 0 0
1365115192 2 52 1 0 6 0 0 0
1365115504 2 53 1 0 6 0 0 0
1365471658 2 54 1 0 6 0 0 0
1365545210 2 55 1 0 6 0 0 0
1365694748 2 56 1 0 6 0 0 0
1365695388 2 57 1 0 6 0 0 0
1365695686 2 58 1 0 6 0 0 0
1365695687 2 59 1 0 6 0 0 0
1366133843 2 60 1 0 6 0 0 0
1366234011 2 61 1 0 6 0 0 0
1366234092 2 62 1 0 6 0 0 0
1366242587 2 63 1 0 6 0 0 0
1366311755 2 64 1 0 6 0 0 0
1366311868 2 65 1 0 6 0 0 0
1366658246 2 66 1 0 6 0 0 0
1367000677 2 66 1 0 6 0 0 1
1367075729 2 67 1 0 6 0 0 1
1367076293 2 68 1 0 6 0 0 1
1367171480 2 69 1 0 6 0 0 1
1367172128 2 70 1 0 6 0 0 1
1367253875 2 71 1 0 6 0 0 1
1367509489 2 72 1 0 6 0 0 1
1367509590 2 73 1 0 6 0 0 1
1367509591 2 74 1 0 6 0 0 1
1367511683 2 75 1 0 6 0 0 1
1367511872 2 76 1 0 6 0 0 1
1367857485 2 77 1 0 6 0 0 1
1368224093 2 78 1 0 6 0 0 1
1368224785 2 79 1 0 6 0 0 1
1368229868 2 80 1 0 6 0 0 1
1368572227 2 81 1 0 6 0 0 1
1368644482 2 82 1 0 6 0 0 1
1368664242 2 83 1 0 6 0 0 1
1368741542 2 84 1 0 6 0 0 1
1368746231 2 85 1 0 6 0 0 1
1368810708 2 86 1 0 6 0 0 1
1369242034 2 87 1 0 6 0 0 1
1369251409 2 88 1 0 6 0 0 1
1369262089 2 89 1 0 6 0 0 1
1369351243 2 90 1 0 6 0 0 1
1369776665 2 91 1 0 6 0 0 1
1370303254 2 92 1 0 6 0 0 1
1370647772 2 93 1 0 6 0 0 1
1370902755 2 94 1 0 6 0 0 1
1371100183 2 95 1 0 6 0 0 1
1371496793 2 96 1 0 6 0 0 1
1371508842 2 97 1 0 6 0 0 1
1371580710 2 98 1 0 6 0 0 1
1371580827 2 99 1 0 6 0 0 1
1371670848 2 100 1 0 6 0 0 1
1371677221 2 101 1 0 6 0 0 1
1371686779 2 102 1 0 6 0 0 1
1371832086 2 103 1 0 6 0 0 1
1371832761 2 104 1 0 6 0 0 1
1372087651 2 105 1 0 6 0 0 1
1372087949 2 106 1 0 6 0 0 1
1372087950 2 107 1 0 6 0 0 1
1372111663 2 108 1 0 6 0 0 1
1372186417 2 109 1 0 6 0 0 1
1372192214 2 110 1 0 6 0 0 1
1372193491 2 111 1 0 6 0 0 1
1372193603 2 112 1 0 6 0 0 1
1372193634 2 113 1 0 6 0 0 1
1372193762 2 114 1 0 6 0 0 1
1372193836 2 115 1 0 6 0 0 1
1373299519 2 116 1 0 6 0 0 1
1373299618 2 118 1 0 6 0 0 1
1373565609 2 119 1 0 6 0 0 1
1373578840 2 120 1 0 6 0 0 1
1373650445 2 121 1 0 6 0 0 1
1373900134 2 122 1 0 6 0 0 1
1374102240 2 123 1 0 6 0 0 1
1374171505 2 123 2 0 6 0 0 1
1374171563 2 123 3 0 6 0 0 1
1374249889 2 124 3 0 6 0 0 1
1374250017 2 125 3 0 6 0 0 1
1374250054 2 126 3 0 6 0 0 1
1374533317 2 127 3 0 6 0 0 1
1374680724 2 128 3 0 6 0 0 1
1374681937 2 129 3 0 6 0 0 1
1374706499 2 130 3 0 6 0 0 1
1374789012 2 131 3 0 6 0 0 1
1374793702 2 132 3 0 6 0 0 1
1375030990 2 133 3 0 6 0 0 1
1375031033 2 134 3 0 6 0 0 1
1375121456 2 135 3 0 6 0 0 1
1375209759 2 136 3 0 6 0 0 1
1375317384 2 137 3 0 6 0 0 1
1375317415 2 138 3 0 6 0 0 1
1375400970 2 139 3 0 6 0 0 1
1375473232 2 140 3 0 6 0 0 1
1375712883 2 140 4 0 6 0 0 1
1375713941 2 140 5 0 6 0 0 1
1375826981 2 141 5 0 6 0 0 1
1375999229 2 142 5 0 6 0 0 1
1376097144 2 143 5 0 6 0 0 1
1376325465 2 144 5 0 6 0 0 1
1376341424 2 145 5 0 6 0 0 1
1376358135 2 146 5 0 6 0 0 1
1376412141 2 147 5 0 6 0 0 1
1376413655 2 148 5 0 6 0 0 1
1376413724 2 149 5 0 6 0 0 1
1376415000 2 150 5 0 6 0 0 1
1376415057 2 151 5 0 6 0 0 1
1376691780 2 152 5 0 6 0 0 1
1376691955 2 153 5 0 6 0 0 1
1376691971 2 154 5 0 6 0 0 1
1377021626 2 155 5 0 6 0 0 1
1377028494 2 156 5 0 6 0 0 1
1377104865 2 157 5 0 6 0 0 1
1377107960 2 158 5 0 6 0 0 1
1377108170 2 159 5 0 6 0 0 1
1377111874 2 160 5 0 6 0 0 1
1377111902 2 161 5 0 6 0 0 1
1377111947 2 162 5 0 6 0 0 1
1377190911 2 163 5 0 6 0 0 1
1377194878 2 164 5 0 6 0 0 1
1377195228 2 165 5 0 6 0 0 1
1377203345 2 166 5 0 6 0 0 1
1377215270 2 167 5 0 6 0 0 1
1377215287 2 168 5 0 6 0 0 1
1377792546 2 169 5 0 6 0 0 1
1377798138 2 170 5 0 6 0 0 1
1377905314 2 171 5 0 6 0 0 1
1378308713 2 172 5 0 6 0 0 1
1378329198 2 173 5 0 6 0 0 1
1378329516 2 174 5 0 6 0 0 1
1378329865 2 175 5 0 6 0 0 1
1378425514 2 176 5 0 6 0 0 1
1378510682 2 177 5 0 6 0 0 1
1378582967 2 178 5 0 6 0 0 1
1378681999 2 179 5 0 6 0 0 1
1378755554 2 180 5 0 6 0 0 1
1378762583 2 181 5 0 6 0 0 1
1378816979 3 181 5 0 6 0 0 1
1378829819 4 181 5 0 6 0 0 1
1378839952 4 182 5 0 6 0 0 1
1378846747 5 182 5 0 6 0 0 1
1378890605 6 182 5 0 6 0 0 1
1378891181 7 182 5 0 6 0 0 1
1378900054 8 182 5 0 6 0 0 1
1379012027 9 182 5 0 6 0 0 1
1379014495 10 182 5 0 6 0 0 1
1379274614 11 182 5 0 6 0 0 1
1379274641 12 182 5 0 6 0 0 1
1379329807 13 182 5 0 6 0 0 1
1379343375 14 182 5 0 6 0 0 1
1379364625 15 182 5 0 6 0 0 1
1379406500 16 182 5 0 6 0 0 1
1379429220 17 182 5 0 6 0 0 1
1379542873 18 182 5 0 6 0 0 1
1379546786 19 182 5 0 6 0 0 1
1380125951 20 182 5 0 6 0 0 1
1380127619 21 182 5 0 6 0 0 1
1380192031 22 182 5 0 6 0 0 1
1380193170 23 182 5 0 6 0 0 1
1380214303 24 182 5 0 6 0 0 1
1380220454 25 182 5 0 6 0 0 1
1380271762 26 182 5 0 6 0 0 1
1380272502 27 182 5 0 6 0 0 1
1380277439 28 182 5 0 6 0 0 1
1380285525 29 182 5 0 6 0 0 1
1380292263 30 182 5 0 6 0 0 1
1380323420 31 182 5 0 6 0 0 1
1380324272 32 182 5 0 6 0 0 1
1380363630 33 182 5 0 6 0 0 1
1380605516 34 182 5 0 6 0 0 1
1380608477 35 182 5 0 6 0 0 1
1380614348 36 182 5 0 6 0 0 1
1380626238 37 182 5 0 6 0 0 1
1380710041 38 182 5 0 6 0 0 1
1380730329 39 182 5 0 6 0 0 1
1380738038 39 183 5 0 6 0 0 1
1380738493 39 184 5 0 6 0 0 1
1380747435 40 184 5 0 6 0 0 1
1380747642 41 184 5 0 6 0 0 1
1380813001 42 184 5 0 6 0 0 1
1380819100 43 184 5 0 6 0 0 1
1380829859 44 184 5 0 6 0 0 1
1380834927 45 184 5 0 6 0 0 1
1380840478 46 184 5 0 6 0 0 1
1380873021 47 184 5 0 6 0 0 1
1380885697 48 184 5 0 6 0 0 1
1380892486 49 184 5 0 6 0 0 1
1380894320 50 184 5 0 6 0 0 1
1380907837 50 185 5 0 6 0 0 1
1380924600 50 186 5 0 6 0 0 1
1381008183 50 187 5 0 6 0 0 1
1381012650 50 188 5 0 6 0 0 1
1381146003 51 188 5 0 6 0 0 1
1381147219 52 188 5 0 6 0 0 1
1381147307 53 188 5 0 6 0 0 1
1381172358 54 188 5 0 6 0 0 1
1381177924 55 188 5 0 6 0 0 1
1381221974 56 188 5 0 6 0 0 1
1381234315 57 188 5 0 6 0 0 1
1381252163 58 188 5 0 6 0 0 1
1381254774 59 188 5 0 6 0 0 1
1381260009 60 188 5 0 6 0 0 1
1381268372 61 188 5 0 6 0 0 1
1381303257 62 188 5 0 6 0 0 1
1381307962 63 188 5 0 6 0 0 1
1381314943 64 188 5 0 6 0 0 1
1381323704 65 188 5 0 6 0 0 1
1381332521 66 188 5 0 6 0 0 1
1381368378 67 188 5 0 6 0 0 1
1381368424 68 188 5 0 6 0 0 1
1381404654 69 188 5 0 6 0 0 1
1381416506 70 188 5 0 6 0 0 1
1381417649 71 188 5 0 6 0 0 1
1381420653 72 188 5 0 6 0 0 1
1381423362 73 188 5 0 6 0 0 1
1381424382 74 188 5 0 6 0 0 1
1381424715 75 188 5 0 6 0 0 1
1381425332 76 188 5 0 6 0 0 1
1381426579 78 188 5 0 6 0 0 1
1381434405 79 188 5 0 6 0 0 1
1381436612 80 188 5 0 6 0 0 1
1381437540 81 188 5 0 6 0 0 1
1381508834 82 188 5 0 6 0 0 1
1381617844 83 188 5 0 6 0 0 1
1381700000 84 188 5 0 6 0 0 1
1381734162 85 188 5 0 6 0 0 1
1381735934 86 188 5 0 6 0 0 1
1381738587 87 188 5 0 6 0 0 1
1381741603 88 188 5 0 6 0 0 1
1381758065 89 188 5 0 6 0 0 1
1381765951 90 188 5 0 6 0 0 1
1381781764 91 188 5 0 6 0 0 1
1381787249 92 188 5 0 6 0 0 1
1381787521 93 188 5 0 6 0 0 1
1381892067 93 189 5 0 6 0 0 1
1381904803 94 189 5 0 6 0 0 1
1381905568 95 189 5 0 6 0 0 1
1381905668 96 189 5 0 6 0 0 1
1381914763 97 189 5 0 6 0 0 1
1381932673 98 189 5 0 6 0 0 1
1381998562 99 189 5 0 6 0 0 1
1382000752 100 189 5 0 6 0 0 1
1382006071 101 189 5 0 6 0 0 1
1382009852 102 189 5 0 6 0 0 1
1382010642 103 189 5 0 6 0 0 1
1382014777 104 189 5 0 6 0 0 1
1382015992 105 189 5 0 6 0 0 1
1382222534 106 189 5 0 6 0 0 1
1382377262 106 190 5 0 6 0 0 1
1382388814 106 191 5 0 6 0 0 1
1382432647 107 191 5 0 6 0 0 1
1382533539 108 191 5 0 6 0 0 1
1382536065 109 191 5 0 6 0 0 1
1382536520 110 191 5 0 6 0 0 1
1382566868 111 191 5 0 6 0 0 1
1382567718 112 191 5 0 6 0 0 1
1382868251 113 191 5 0 6 0 0 1
1382886792 114 191 5 0 6 0 0 1
1383780093 115 191 5 0 6 0 0 1
1383910814 116 191 5 0 6 0 0 1
1383913211 117 191 5 0 6 0 0 1
1383922876 118 191 5 0 6 0 0 1
1384016423 119 191 5 0 6 0 0 1
1384113861 120 191 5 0 6 0 0 1
1384114048 121 191 5 0 6 0 0 1
1384114077 122 191 5 0 6 0 0 1
1384283313 122 192 5 0 6 0 0 1
1384982886 122 193 5 0 6 0 0 1
1385058858 122 194 5 0 6 0 0 1
1385130270 123 194 5 0 6 0 0 1
1385406150 123 195 5 0 6 0 0 1
1385406334 123 196 5 0 6 0 0 1
1385409392 123 197 5 0 6 0 0 1
1385487121 124 197 5 0 6 0 0 1
1385543083 125 197 5 0 6 0 0 1
1385555364 126 197 5 0 6 0 0 1
1385595313 127 197 5 0 6 0 0 1
1385641622 128 197 5 0 6 0 0 1
1385647665 129 197 5 0 6 0 0 1
1385652555 130 197 5 0 6 0 0 1
1385676336 131 197 5 0 6 0 0 1
1385766302 131 198 5 0 6 0 0 1
1386023757 131 199 5 0 6 0 0 1
1386093199 132 199 5 0 6 0 0 1
1386096384 132 200 5 0 6 0 0 1
1386096531 132 201 5 0 6 0 0 1
1386203008 132 202 5 0 6 0 0 1
1386594911 133 202 5 0 6 0 0 1
1386707664 134 202 5 0 6 0 0 1
1386708060 135 202 5 0 6 0 0 1
1386781510 136 202 5 0 6 0 0 1
1386785155 137 202 5 0 6 0 0 1
1387476679 137 203 5 0 6 0 0 1
1387477427 137 204 5 0 6 0 0 1
1387569067 137 205 5 0 6 0 0 1
1387569126 137 206 5 0 6 0 0 1
1387569127 137 207 5 0 6 0 0 1
1388313740 138 207 5 0 6 0 0 1
1389136449 139 207 5 0 6 0 0 1
1389142199 139 208 5 0 6 0 0 1
1389154618 139 209 5 0 6 0 0 1
1389618382 140 209 5 0 6 0 0 1
1389624518 141 209 5 0 6 0 0 1
1389711045 142 209 5 0 6 0 0 1
1389809514 142 210 5 0 6 0 0 1
1389809528 142 211 5 0 6 0 0 1
1389912306 142 212 5 0 6 0 0 1
1389916991 142 213 5 0 6 0 0 1
1389917033 142 214 5 0 6 0 0 1
1390264079 142 215 5 0 6 0 0 1
1390265400 142 216 5 0 6 0 0 1
1390326514 142 217 5 0 6 0 0 1
1391627994 142 218 5 0 6 0 0 1
1392049254 143 218 5 0 6 0 0 1
1392077731 144 218 5 0 6 0 0 1
1392120239 145 218 5 0 6 0 0 1
1392213993 146 218 5 0 6 0 0 1
1392325954 147 218 5 0 6 0 0 1
1392328380 148 218 5 0 6 0 0 1
1394147486 149 218 5 0 6 0 0 1
1394754358 149 219 5 0 6 0 0 1
1394754368 149 220 5 0 6 0 0 1
1395064875 150 220 5 0 6 0 0 1
1395066963 151 220 5 0 6 0 0 1
1395070625 152 220 5 0 6 0 0 1
1395245562 153 220 5 0 6 0 0 1
1395251953 154 220 5 0 6 0 0 1
1395476429 155 220 5 0 6 0 0 1
1395478159 156 220 5 0 6 0 0 1
1395478250 157 220 5 0 6 0 0 1
1396585264 157 221 5 0 6 0 0 1
1397027251 158 221 5 0 6 0 0 1
1397501192 158 222 5 0 6 0 0 1
1397955808 158 222 5 0 6 1 0 1
1397955829 158 222 5 0 6 2 0 1
1397955837 158 222 5 0 6 3 0 1
1397956187 158 222 5 0 6 4 0 1
1398097983 158 222 5 0 6 4 1 1
1398203189 158 223 5 0 6 4 1 1
1398903967 158 224 5 0 6 4 1 1
1402437475 159 224 5 0 6 4 1 1
1402437522 160 224 5 0 6 4 1 1
1404949171 161 224 5 0 6 4 1 1
1406743248 162 224 5 0 6 4 1 1
1406752470 163 224 5 0 6 4 1 1
1407244452 164 224 5 0 6 4 1 1
1407418462 165 224 5 0 6 4 1 1
1407449369 166 224 5 0 6 4 1 1
1407455075 167 224 5 0 6 4 1 1
1407457756 168 224 5 0 6 4 1 1
1407459760 169 224 5 0 6 4 1 1
1410967764 170 224 5 0 6 4 1 1
1410967786 171 224 5 0 6 4 1 1
1410967829 172 224 5 0 6 4 1 1
1411997227 173 224 5 0 6 4 1 1
1411997249 174 224 5 0 6 4 1 1
1411997268 175 224 5 0 6 4 1 1
1411998038 176 224 5 0 6 4 1 1
1412007125 177 224 5 0 6 4 1 1
1412008017 178 224 5 0 6 4 1 1
1412008396 179 224 5 0 6 4 1 1
1412008815 179 224 5 1 6 4 1 1
1412011937 180 224 5 1 6 4 1 1
1412015300 181 224 5 1 6 4 1 1
1412664429 182 224 5 1 6 4 1 1
1413133122 183 224 5 1 6 4 1 1
1413133189 184 224 5 1 6 4 1 1
1413304381 184 224 5 2 6 4 1 1
1413315726 184 224 6 2 6 4 1 1
1413389941 185 224 6 2 6 4 1 1
1413673422 185 224 6 3 6 4 1 1
1413755275 186 224 6 3 6 4 1 1
1413793444 187 224 6 3 6 4 1 1
1413793713 187 224 6 4 6 4 1 1
1413796134 188 224 6 4 6 4 1 1
1413820296 189 224 6 4 6 4 1 1
1413820549 189 224 6 5 6 4 1 1
1413822486 189 224 7 5 6 4 1 1
1413822532 189 224 8 5 6 4 1 1
1413840120 190 224 8 5 6 4 1 1
1413844163 191 224 8 5 6 4 1 1
1413847070 192 224 8 5 6 4 1 1
1413852176 193 224 8 5 6 4 1 1
1413975280 194 224 8 5 6 4 1 1
1413989520 195 224 8 5 6 4 1 1
1413989590 196 224 8 5 6 4 1 1
1413992622 197 224 8 5 6 4 1 1
1413998894 198 224 8 5 6 4 1 1
1414053497 199 224 8 5 6 4 1 1
1414054326 200 224 8 5 6 4 1 1
1414054334 201 224 8 5 6 4 1 1
1414064082 202 224 8 5 6 4 1 1
1414067667 203 224 8 5 6 4 1 1
1414067738 204 224 8 5 6 4 1 1
1414075498 205 224 8 5 6 4 1 1
1414076972 206 224 8 5 6 4 1 1
1414496671 207 224 8 5 6 4 1 1
1414500143 208 224 8 5 6 4 1 1
1414514638 208 224 9 5 6 4 1 1
1414514697 208 224 10 5 6 4 1 1
1415028125 208 224 11 5 6 4 1 1
1415028543 208 224 12 5 6 4 1 1
1415028671 208 224 13 5 6 4 1 1
1415187606 209 224 13 5 6 4 1 1
1415187639 210 224 13 5 6 4 1 1
1415187697 211 224 13 5 6 4 1 1
1415192613 212 224 13 5 6 4 1 1
1415193454 213 224 13 5 6 4 1 1
1415197326 214 224 13 5 6 4 1 1
1415282552 215 224 13 5 6 4 1 1
1415285124 216 224 13 5 6 4 1 1
1415307250 217 224 13 5 6 4 1 1
1415472157 218 224 13 5 6 4 1 1
1415473923 219 224 13 5 6 4 1 1
1415474320 220 224 13 5 6 4 1 1
1415474656 221 224 13 5 6 4 1 1
1415474683 222 224 13 5 6 4 1 1
1415481359 223 224 13 5 6 4 1 1
1415531695 224 224 13 5 6 4 1 1
1415637683 225 224 13 5 6 4 1 1
1415638620 226 224 13 5 6 4 1 1
1415661727 227 224 13 5 6 4 1 1
1415662650 228 224 13 5 6 4 1 1
1415664272 229 224 13 5 6 4 1 1
1415666671 230 224 13 5 6 4 1 1
1415701011 231 224 13 5 6 4 1 1
1415701475 232 224 13 5 6 4 1 1
1415701564 233 224 13 5 6 4 1 1
1415701920 234 224 13 5 6 4 1 1
1415701959 235 224 13 5 6 4 1 1
1415703836 236 224 13 5 6 4 1 1
1415703959 237 224 13 5 6 4 1 1
1415834842 238 224 13 5 6 4 1 1
1415834887 239 224 13 5 6 4 1 1
1415892405 239 224 14 5 6 4 1 1
1415930157 240 224 14 5 6 4 1 1
1415930621 241 224 14 5 6 4 1 1
1416169275 242 224 14 5 6 4 1 1
1416170145 243 224 14 5 6 4 1 1
1416173574 244 224 14 5 6 4 1 1
1416397046 245 224 14 5 6 4 1 1
1416397114 246 224 14 5 6 4 1 1
1416475548 247 224 14 5 6 4 1 1
1416480732 248 224 14 5 6 4 1 1
1416480831 248 224 14 6 6 4 1 1
1416480992 249 224 14 6 6 4 1 1
1416481261 249 224 14 7 6 4 1 1
1416508889 250 224 14 7 6 4 1 1
1416509329 251 224 14 7 6 4 1 1
1416673761 252 224 14 7 6 4 1 1
1416867530 253 224 14 7 6 4 1 1
1417619169 254 224 14 7 6 4 1 1
1417622362 255 224 14 7 6 4 1 1
1417692845 255 224 14 8 6 4 1 1
1418381501 255 224 14 9 6 4 1 1
1418416872 255 224 14 10 6 4 1 1
1418420814 256 224 14 10 6 4 1 1
1418421454 257 224 14 10 6 4 1 1
1418433803 258 224 14 10 6 4 1 1
1418434734 259 224 14 10 6 4 1 1
1418730423 259 224 14 11 6 4 1 1
1418835078 260 224 14 11 6 4 1 1
1418852206 261 224 14 11 6 4 1 1
1418855075 262 224 14 11 6 4 1 1
1419445740 262 224 15 11 6 4 1 1
1419449690 262 224 16 11 6 4 1 1
1419611722 262 224 17 11 6 4 1 1
1420047655 262 224 18 11 6 4 1 1
1422346974 263 224 18 11 6 4 1 1
1422352238 264 224 18 11 6 4 1 1
1423746497 264 224 18 12 6 4 1 1
1425407210 264 224 18 12 6 5 1 1
1425407597 264 224 18 12 6 6 1 1
1426876324 264 224 19 12 6 6 1 1
1426877110 264 224 20 12 6 6 1 1
1426878426 264 224 21 12 6 6 1 1
1426878558 264 224 22 12 6 6 1 1
1427126199 264 224 23 12 6 6 1 1
1427990905 264 224 24 12 6 6 1 1
1428004150 264 224 25 12 6 6 1 1
1430861991 264 224 26 12 6 6 1 1
1430862053 264 224 27 12 6 6 1 1
