1355258904 13526
1355349708 13547
1355349745 13884
1355509427 14588
1356040427 16102
1357246818 23870
1357246920 23838
1357323016 24600
1357339505 25550
1357528775 26365
1358261505 26365
1358264524 26365
1358264664 26747
1360189851 68913
1363184750 68924
1364239820 64273
1365600000 70139
1367501849 2255138
1367509861 2255339
1371833381 2277229
1372449761 2280566
1374245139 2278663
1374595652 2285130
1375007460 2285132
1375457986 2285132
1375986903 2285735
1376491369 2287290
1376491649 2287674
1377195963 2287674
1377546413 2289809
1387566661 2289809
1387566692 2327001
1387668330 2327001
1390210629 2327001
1398280002 2327003
1398903670 2327655
1414176405 2327655
1420047200 2354899
1426876106 2354897
1430855494 2354897
