1355258904 0 13526 0 0 0 0 0 0 0 0 0 0 0 0 0 0 0 0 0 0
1355349708 0 13549 0 0 0 0 0 0 0 0 0 0 0 0 0 0 0 0 0 0
1355349745 0 13886 0 0 0 0 0 0 0 0 0 0 0 0 0 0 0 0 0 0
1355509427 0 14612 0 0 0 0 0 0 0 0 0 0 0 0 0 0 0 0 0 0
1356040427 0 16189 0 0 0 0 0 0 0 0 0 0 0 0 0 0 0 0 0 0
1357246818 0 24169 0 0 0 0 0 0 0 0 0 0 0 0 0 0 0 0 0 0
1357246920 0 24169 0 0 0 0 0 0 0 0 0 0 0 0 0 0 0 0 0 0
1357323016 0 24969 0 0 0 0 0 0 0 0 0 0 0 0 0 0 0 0 0 0
1357339505 0 25995 0 0 0 0 0 0 0 0 0 0 0 0 0 0 0 0 0 0
1357528775 0 26810 0 0 0 0 0 0 0 0 0 0 0 0 0 0 0 0 0 0
1358261505 0 26811 0 0 0 0 0 0 0 0 0 0 0 0 0 0 0 0 0 0
1358264524 0 26812 0 0 0 0 0 0 0 0 0 0 0 0 0 0 0 0 0 0
1358264664 0 27194 0 0 0 0 0 0 0 0 0 0 0 0 0 0 0 0 0 0
1358270693 0 27328 0 0 0 0 0 0 0 0 0 0 0 0 0 0 0 0 0 0
1358294037 0 27328 0 1 0 0 0 0 0 0 0 0 0 0 0 0 0 0 0 0
1358294301 0 27328 0 2 0 0 0 0 0 0 0 0 0 0 0 0 0 0 0 0
1358375400 0 27328 0 22 0 0 0 0 0 0 0 0 0 0 0 0 0 0 0 0
1358801256 0 70142 0 22 0 0 0 0 0 0 0 0 0 0 0 0 0 0 0 0
1358801404 0 70142 0 22 0 0 0 0 0 0 0 0 0 0 0 0 0 0 0 0
1358807508 0 74489 0 22 0 0 0 0 0 0 0 0 0 0 0 0 0 0 0 0
1358807889 0 74513 0 22 0 0 0 0 0 0 0 0 0 0 0 0 0 0 0 0
1358968305 0 74528 0 22 0 0 0 0 0 0 0 0 0 0 0 0 0 0 0 0
1359042809 0 75225 0 22 0 0 0 0 0 0 0 0 0 0 0 0 0 0 0 0
1359139086 0 75225 0 24 0 0 0 0 0 0 0 0 0 0 0 0 0 0 0 0
1359141621 0 76140 0 24 0 0 0 0 0 0 0 0 0 0 0 0 0 0 0 0
1359141784 0 76140 0 24 0 0 0 0 0 0 0 0 0 0 0 0 0 0 0 0
1359397950 0 76140 0 26 0 0 0 0 0 0 0 0 0 0 0 0 0 0 0 0
1359397974 0 76140 0 26 0 0 0 0 0 0 0 0 0 0 0 0 0 0 0 0
1359419857 0 76141 0 26 0 0 0 0 0 0 0 0 0 0 0 0 0 0 0 0
1359559478 0 76182 0 26 0 0 0 0 0 0 0 0 0 0 0 0 0 0 0 0
1359649227 0 76514 0 26 0 0 0 0 0 0 0 0 0 0 0 0 0 0 0 0
1359656363 0 76769 0 26 0 0 0 0 0 0 0 0 0 0 0 0 0 0 0 0
1359668006 0 77141 0 26 0 0 0 0 0 0 0 0 0 0 0 0 0 0 0 0
1359742106 0 77546 0 26 0 0 0 0 0 0 0 0 0 0 0 0 0 0 0 0
1359996437 0 78022 0 26 0 0 0 0 0 0 0 0 0 0 0 0 0 0 0 0
1360097374 0 78025 0 26 0 0 0 0 0 0 0 0 0 0 0 0 0 0 0 0
1360098434 0 78913 0 26 0 0 0 0 0 0 0 0 0 0 0 0 0 0 0 0
1360189747 0 79571 0 26 0 0 0 0 0 0 0 0 0 0 0 0 0 0 0 0
1360189851 0 79571 0 26 0 0 0 0 0 0 0 0 0 0 0 0 0 0 0 0
1360254913 0 79941 0 26 0 0 0 0 0 0 0 0 0 0 0 0 0 0 0 0
1360256551 0 79941 0 26 0 0 0 0 0 0 2 0 0 0 0 0 0 0 0 0
1360268673 0 80000 0 26 0 0 0 0 0 0 2 0 0 0 0 0 0 0 0 0
1360269142 0 80002 0 26 0 0 0 0 0 0 2 0 0 0 0 0 0 0 0 0
1360269372 0 80006 0 26 0 0 0 0 0 0 2 0 0 0 0 0 0 0 0 0
1360598200 0 80007 0 26 0 0 0 0 0 0 2 0 0 0 0 0 0 0 0 0
1360612689 0 80010 0 26 0 0 0 0 0 0 2 0 0 0 0 0 0 0 0 0
1360881555 0 80245 0 26 0 0 0 0 0 0 2 0 0 0 0 0 0 0 0 0
1362087822 0 82185 0 26 0 0 0 0 0 0 2 0 0 0 0 0 0 0 0 0
1363103910 0 82187 0 26 0 0 0 0 0 0 2 0 0 0 0 0 0 0 0 0
1363184750 0 82215 0 26 0 0 0 0 0 0 2 0 0 0 0 0 0 0 0 0
1363949012 1 82215 0 26 0 0 0 0 0 0 2 0 0 0 0 0 0 0 0 0
1363951256 2 82215 0 26 0 0 0 0 0 0 2 0 0 0 0 0 0 0 0 0
1364229116 2 82392 0 26 0 0 0 0 0 0 2 0 0 0 0 0 0 0 0 0
1364230447 2 82409 0 26 0 0 0 0 0 0 2 0 0 0 0 0 0 0 0 0
1364230464 2 82409 0 26 0 0 0 0 0 0 2 0 0 0 0 0 0 0 0 0
1364230619 2 82409 0 26 0 0 0 0 0 0 2 0 0 0 0 0 0 0 0 0
1364239820 2 82409 0 26 0 0 0 0 0 0 2 0 0 0 0 0 0 0 0 0
1364239886 2 82409 0 26 0 0 0 0 0 0 2 0 0 0 0 0 0 0 0 0
1364927964 2 82409 0 95 0 0 0 0 0 0 2 0 0 0 0 0 0 0 0 0
1364938730 2 83513 0 95 0 0 0 0 0 0 2 0 0 0 0 0 0 0 0 0
1364939167 2 83513 0 95 0 0 0 0 0 0 2 0 0 0 0 0 0 0 0 0
1365003529 2 83794 0 95 0 0 0 0 0 0 2 0 0 0 0 0 0 0 0 0
1365003549 2 83794 0 95 0 0 0 0 0 0 2 0 0 0 0 0 0 0 0 0
1365010863 2 83882 0 95 0 0 0 0 0 0 2 0 0 0 0 0 0 0 0 0
1365020930 2 86149 0 95 0 0 0 0 0 0 2 0 0 0 0 0 0 0 0 0
1365107732 2 86474 0 95 0 0 0 0 0 0 2 0 0 0 0 0 0 0 0 0
1365184944 2 86774 0 95 0 0 0 0 0 0 2 0 0 0 0 0 0 0 0 0
1365530574 2 88752 0 95 0 0 0 0 0 0 2 0 0 0 0 0 0 0 0 0
1365538058 2 88878 0 95 0 0 0 0 0 0 2 0 0 0 0 0 0 0 0 0
1365600000 2 88878 0 95 0 0 0 0 0 0 2 0 0 0 0 0 0 0 0 0
1365620640 2 89154 0 95 0 0 0 0 0 0 2 0 0 0 0 0 0 0 0 0
1365621028 2 397158 0 95 0 0 0 0 0 0 2 0 0 0 0 0 0 0 0 0
1366037011 2 430957 0 95 0 0 0 0 0 0 2 0 0 0 0 0 0 0 0 0
1366059460 2 473446 0 95 0 0 0 0 0 0 2 0 0 0 0 0 0 0 0 0
1366320521 2 2273314 0 95 0 0 0 0 0 0 2 0 0 0 0 0 0 0 0 0
1366381273 2 2273481 0 95 0 0 0 0 0 0 2 0 0 0 0 0 0 0 0 0
1366649082 2 2275239 0 95 0 0 0 0 0 0 2 0 0 0 0 0 0 0 0 0
1366654655 2 2275239 0 95 0 0 0 0 0 0 2 0 0 0 0 0 0 0 0 0
1366737566 2 2275243 0 95 0 0 0 0 0 0 2 0 0 0 0 0 0 0 0 0
1366924662 2 2275243 0 117 0 0 0 0 0 0 2 0 0 0 0 0 0 0 0 0
1366999998 2 2292392 0 117 0 0 0 0 0 0 2 0 0 0 0 0 0 0 0 0
1367078963 2 2292392 0 117 0 0 0 0 0 0 2 0 0 0 0 0 0 0 0 0
1367171219 2 2292392 0 127 0 0 0 0 0 0 2 0 0 0 0 0 0 0 0 0
1367171238 2 2292392 0 127 0 0 0 0 0 0 2 0 0 0 0 0 0 0 0 0
1367171948 2 2292392 0 129 0 0 0 0 0 0 2 0 0 0 0 0 0 0 0 0
1367250704 2 2292493 0 129 0 0 0 0 0 0 2 0 0 0 0 0 0 0 0 0
1367253732 2 2292493 0 131 0 0 0 0 0 0 2 0 0 0 0 0 0 0 0 0
1367351443 2 2294398 0 131 0 0 0 0 0 0 2 0 0 0 0 0 0 0 0 0
1367422629 2 2294853 0 131 0 0 0 0 0 0 2 0 0 0 0 0 0 0 0 0
1367442800 2 2295236 0 131 0 0 0 0 0 0 2 0 0 0 0 0 0 0 0 0
1367501849 2 2295236 0 131 0 0 0 0 0 0 2 0 0 0 0 0 0 6 0 0
1367509847 2 2295487 0 131 0 0 0 0 0 0 2 0 0 0 0 0 0 6 0 0
1367509861 2 2295487 0 131 0 0 0 0 0 0 2 0 0 0 0 0 0 6 0 0
1367509903 2 2295487 0 131 0 0 0 0 0 0 2 0 0 0 0 0 0 6 0 0
1367601987 2 2295487 0 131 0 0 0 0 0 0 2 0 0 0 0 0 0 6 0 0
1367602497 2 2295491 0 131 0 0 0 0 0 0 2 0 0 0 0 0 0 6 0 0
1367605987 2 2295600 0 131 0 0 0 0 0 0 2 0 0 0 0 0 0 6 0 0
1367865382 2 2295608 0 131 0 0 0 0 0 0 2 0 0 0 0 0 0 6 0 0
1367868528 2 2297888 0 131 0 0 0 0 0 0 2 0 0 0 0 0 0 6 0 0
1368553339 2 2299892 0 131 0 0 0 0 0 0 2 0 0 0 0 0 0 6 0 0
1368556158 2 2299910 0 131 0 0 0 0 0 0 2 0 0 0 0 0 0 6 0 0
1368561315 2 2299978 0 131 0 0 0 0 0 0 2 0 0 0 0 0 0 6 0 0
1369225755 2 2299978 0 131 0 0 0 0 0 0 2 0 0 0 0 0 0 6 0 0
1369261990 2 2299978 0 140 0 0 0 0 0 0 2 0 0 0 0 0 0 6 0 0
1369466196 2 2299978 0 140 0 0 0 0 0 0 2 0 0 0 0 0 0 81 0 0
1369688595 2 2301976 0 140 0 0 0 0 0 0 2 0 0 0 0 0 0 81 0 0
1369691133 2 2302012 0 140 0 0 0 0 0 0 2 0 0 0 0 0 0 81 0 0
1369760082 2 2302202 0 140 0 0 0 0 0 0 2 0 0 0 0 0 0 81 0 0
1369762926 2 2302202 0 140 0 0 0 0 0 0 2 0 0 0 0 0 0 81 0 0
1369763640 2 2302328 0 140 0 0 0 0 0 0 2 0 0 0 0 0 0 81 0 0
1369763690 2 2302328 0 140 0 0 0 0 0 0 2 0 0 0 0 0 0 81 0 0
1369763732 2 2302384 0 140 0 0 0 0 0 0 2 0 0 0 0 0 0 81 0 0
1369773705 2 2302580 0 140 0 0 0 0 0 0 2 0 0 0 0 0 0 81 0 0
1370308836 2 2302580 0 140 0 0 0 0 0 0 2 252 0 0 0 0 0 81 0 0
1370582995 2 2303290 0 140 0 0 0 0 0 0 2 252 0 0 0 0 0 81 0 0
1370587180 2 2303337 0 140 0 0 0 0 0 0 2 252 0 0 0 0 0 81 0 0
1370844510 2 2303603 0 140 0 0 0 0 0 0 2 252 0 0 0 0 0 81 0 0
1370847028 2 2303802 0 140 0 0 0 0 0 0 2 252 0 0 0 0 0 81 0 0
1371670204 2 2303804 0 140 0 0 0 0 0 0 2 252 0 0 0 0 0 81 0 0
1371670504 2 2303804 0 140 0 0 0 0 0 0 2 252 0 0 0 0 0 81 0 0
1371741453 2 2303890 0 140 0 0 0 0 0 0 2 252 0 0 0 0 0 81 0 0
1371782668 2 2303949 0 140 0 0 0 0 0 0 2 252 0 0 0 0 0 81 0 0
1371833381 2 2303949 0 140 0 0 0 0 0 0 2 252 0 0 0 0 0 81 0 0
1371833443 2 2303949 0 140 0 0 0 0 0 0 2 252 0 0 0 0 0 81 0 0
1372088494 2 2303949 0 140 0 0 0 0 0 0 2 252 0 0 0 0 0 81 0 0
1372241198 2 2303949 0 140 0 0 0 0 0 0 2 4291 0 0 0 0 0 81 0 0
1372449761 2 2303949 0 140 0 0 0 0 0 0 2 4291 0 0 0 0 0 81 0 0
1373935218 2 2303949 0 140 0 0 0 0 0 0 2 4291 0 0 0 0 0 81 0 0
1373984037 2 2303949 0 140 0 0 0 0 0 0 2 4302 0 0 0 0 0 81 0 0
1373985106 2 2303949 0 140 0 0 0 0 0 0 2 4302 0 0 0 0 15 81 0 0
1373985213 2 2303949 0 140 0 0 0 0 0 0 2 4302 0 0 0 0 27 81 0 0
1374170986 2 2303949 0 140 0 0 3201 0 0 0 2 4302 0 0 0 0 27 81 0 0
1374245139 2 2303949 0 140 0 0 3201 0 0 0 2 4302 0 0 0 0 27 81 0 0
1374480010 2 2303949 0 140 0 0 3201 0 0 0 2 6932 0 0 0 0 27 81 0 0
1374480075 2 2303949 0 140 0 0 3201 0 0 0 2 6932 0 0 0 0 27 81 0 0
1374502397 2 2303949 0 140 0 0 3201 0 0 0 2 6934 0 0 0 0 27 81 0 0
1374509427 2 2303949 0 140 0 0 3201 0 0 0 2 6934 0 0 0 0 27 81 0 0
1374566851 2 2303949 0 140 0 0 3201 0 0 0 2 6935 0 0 0 0 27 81 0 0
1374595652 2 2303949 0 140 0 0 3201 0 0 0 2 6935 0 0 0 0 27 81 0 0
1374934547 2 2303949 0 140 0 0 3201 0 0 0 2 6935 6 0 0 0 27 81 0 0
1375007460 2 2303949 0 140 0 0 3201 0 0 0 2 6935 6 0 0 0 27 81 0 0
1375456908 2 2303949 0 140 0 0 3201 0 0 0 2 6935 6 0 0 4 27 81 0 0
1375457986 2 2303949 0 140 0 0 3201 0 0 0 2 6935 6 0 0 4 27 81 0 0
1375827428 2 2303949 942 140 0 0 3201 0 0 0 2 6935 6 0 0 4 27 81 0 0
1375986801 2 2303949 1252 140 0 0 3201 0 0 0 2 6935 6 0 0 4 27 81 0 0
1375986903 2 2303949 1252 140 0 0 3201 0 0 0 2 6935 6 0 0 4 27 81 0 0
1376491369 2 2303949 5338 140 0 0 3201 0 0 0 2 6935 6 0 0 4 27 81 0 0
1376491649 2 2303949 6106 140 0 0 3201 0 0 0 2 6935 6 0 0 4 27 81 0 0
1377183876 2 2303949 6106 140 0 0 3201 0 0 0 2 6935 6 0 0 6 27 81 0 0
1377195963 2 2303949 6106 140 0 0 3201 0 0 0 2 6935 6 0 0 6 27 81 0 0
1377546205 2 2303949 7858 140 0 0 3201 0 0 0 2 6935 6 0 0 6 27 81 0 0
1377546303 2 2303949 10632 140 0 0 3201 0 0 0 2 6935 6 0 0 6 27 81 0 0
1377546413 2 2303949 10632 140 0 0 3201 0 0 0 2 6935 6 0 0 6 27 81 0 0
1378482387 2 2304339 10632 140 0 0 3201 0 0 0 2 6935 6 0 0 6 27 81 0 0
1378805670 2 2304339 10632 140 0 0 3201 1532 0 0 2 6935 6 0 0 6 27 81 0 0
1378817055 416 2304339 10632 140 0 0 3201 1532 0 0 2 6935 6 0 0 6 27 81 0 0
1378891143 1288 2304339 10632 140 0 0 3201 1532 0 0 2 6935 6 0 0 6 27 81 0 0
1378900163 1450 2304339 10632 140 0 0 3201 1532 0 0 2 6935 6 0 0 6 27 81 0 0
1379012011 1624 2304339 10632 140 0 0 3201 1532 0 0 2 6935 6 0 0 6 27 81 0 0
1379274508 1624 2304339 10632 140 0 0 3201 1532 0 0 2 6935 6 0 0 6 27 81 0 0
1379278917 1902 2304339 10632 140 0 0 3201 1532 0 0 2 6935 6 0 0 6 27 81 0 0
1379280700 2064 2304339 10632 140 0 0 3201 1532 0 0 2 6935 6 0 0 6 27 81 0 0
1379325011 2544 2304339 10632 140 0 0 3201 1532 0 0 2 6935 6 0 0 6 27 81 0 0
1379329714 3008 2304339 10632 140 0 0 3201 1532 0 0 2 6935 6 0 0 6 27 81 0 0
1379334646 3020 2304339 10632 140 0 0 3201 1532 0 0 2 6935 6 0 0 6 27 81 0 0
1379343345 3348 2304339 10632 140 0 0 3201 1532 0 0 2 6935 6 0 0 6 27 81 0 0
1379364555 3792 2304339 10632 140 0 0 3201 1532 0 0 2 6935 6 0 0 6 27 81 0 0
1379406384 3932 2304339 10632 140 0 0 3201 1532 0 0 2 6935 6 0 0 6 27 81 0 0
1379429198 4792 2304339 10632 140 0 0 3201 1532 0 0 2 6935 6 0 0 6 27 81 0 0
1379500471 4792 2304339 10636 140 0 0 3201 1532 0 0 2 6935 6 0 0 6 27 81 0 0
1379500583 4792 2304339 10796 140 0 0 3201 1532 0 0 2 6935 6 0 0 6 27 81 0 0
1379500665 4792 2304339 10808 140 0 0 3201 1532 0 0 2 6935 6 0 0 6 27 81 0 0
1379500817 4792 2304339 10808 140 0 0 3201 1532 0 0 2 6935 6 0 0 6 27 81 0 0
1379542638 6286 2304339 10808 140 0 0 3201 1532 0 0 2 6935 6 0 0 6 27 81 0 0
1379546770 6316 2304339 10808 140 0 0 3201 1532 0 0 2 6935 6 0 0 6 27 81 0 0
1380123681 6316 2304339 11010 140 0 0 3201 1532 0 0 2 6935 6 0 0 6 27 81 0 0
1380125992 7096 2304339 11010 140 0 0 3201 1532 0 0 2 6935 6 0 0 6 27 81 0 0
1380614233 7318 2304339 11010 140 0 0 3201 1532 0 0 2 6935 6 0 0 6 27 81 0 0
1380626222 7326 2304339 11010 140 0 0 3201 1532 0 0 2 6935 6 0 0 6 27 81 0 0
1380710021 7346 2304339 11010 140 0 0 3201 1532 0 0 2 6935 6 0 0 6 27 81 0 0
1380730271 7404 2304339 11010 140 0 0 3201 1532 0 0 2 6935 6 0 0 6 27 81 0 0
1380747138 7420 2304339 11010 140 0 0 3201 1532 0 0 2 6935 6 0 0 6 27 81 0 0
1380812885 7444 2304339 11010 140 0 0 3201 1532 0 0 2 6935 6 0 0 6 27 81 0 0
1380840420 7538 2304339 11010 140 0 0 3201 1532 0 0 2 6935 6 0 0 6 27 81 0 0
1380872986 7974 2304339 11010 140 0 0 3201 1532 0 0 2 6935 6 0 0 6 27 81 0 0
1380885647 8082 2304339 11010 140 0 0 3201 1532 0 0 2 6935 6 0 0 6 27 81 0 0
1380892427 8172 2304339 11010 140 0 0 3201 1532 0 0 2 6935 6 0 0 6 27 81 0 0
1381071921 8172 2304339 11010 140 0 0 3201 1532 0 0 2 6935 6 0 0 6 27 81 0 0
1381077191 8524 2304339 11010 140 0 0 3201 1532 0 0 2 6935 6 0 0 6 27 81 0 0
1381081497 8716 2304339 11010 140 0 0 3201 1532 0 0 2 6935 6 0 0 6 27 81 0 0
1381084088 8896 2304339 11010 140 0 0 3201 1532 0 0 2 6935 6 0 0 6 27 81 0 0
1381145727 9362 2304339 11010 140 0 0 3201 1532 0 0 2 6935 6 0 0 6 27 81 0 0
1381221944 9422 2304339 11010 140 0 0 3201 1532 0 0 2 6935 6 0 0 6 27 81 0 0
1381244383 9422 2304339 11010 140 0 0 3201 1658 0 0 2 6935 6 0 0 6 27 81 0 0
1381368191 9422 2304339 11010 140 0 0 3201 1658 0 0 2 6935 6 0 0 6 27 81 0 0
1381905614 9432 2304339 11010 140 0 0 3201 1658 0 0 2 6935 6 0 0 6 27 81 0 0
1381914736 9454 2304339 11010 140 0 0 3201 1658 0 0 2 6935 6 0 0 6 27 81 0 0
1382014078 9454 2304339 11010 140 0 0 3201 1658 0 0 2 6935 6 0 0 6 27 81 0 0
1382428128 9470 2304339 11010 140 0 0 3201 1658 0 0 2 6935 6 0 0 6 27 81 0 0
1382432605 9494 2304339 11010 140 0 0 3201 1658 0 0 2 6935 6 0 0 6 27 81 0 0
1382868192 9778 2304339 11010 140 0 0 3201 1658 0 0 2 6935 6 0 0 6 27 81 0 0
1383779692 9782 2304339 11010 140 0 0 3201 1658 0 0 2 6935 6 0 0 6 27 81 0 0
1383841929 9788 2304339 11010 140 0 0 3201 1658 0 0 2 6935 6 0 0 6 27 81 0 0
1383859959 10120 2304339 11010 140 0 0 3201 1658 0 0 2 6935 6 0 0 6 27 81 0 0
1383860144 10120 2304339 11010 140 0 0 3201 1658 0 0 2 6935 6 0 0 6 27 81 0 0
1383910762 10224 2304339 11010 140 0 0 3201 1658 0 0 2 6935 6 0 0 6 27 81 0 0
1384113426 10388 2304339 11010 140 0 0 3201 1658 0 0 2 6935 6 0 0 6 27 81 0 0
1384113918 10388 2304339 11010 140 0 0 3201 1658 0 0 2 6935 6 0 0 6 27 81 0 0
1384879187 10388 2304339 11010 140 0 0 3201 1660 0 0 2 6935 6 0 0 6 27 81 0 0
1384880683 10388 2304339 11010 140 0 0 3201 1684 0 0 2 6935 6 0 0 6 27 81 0 0
1384938436 10388 2304339 11010 140 0 0 3201 1696 0 0 2 6935 6 0 0 6 27 81 0 0
1384959486 10388 2304339 11010 140 0 0 3201 1715 0 0 2 6935 6 2 0 6 27 81 0 0
1384961007 10388 2304339 11010 140 0 0 3201 1715 0 0 2 6935 6 207 0 6 27 81 0 0
1385112373 10388 2304339 11010 140 0 0 3201 1715 0 0 2 6935 6 207 0 6 27 81 0 0
1385124960 10388 2304339 11010 140 0 0 3201 1715 0 0 2 6935 6 287 0 6 27 81 0 0
1385138135 10388 2304339 11010 140 0 0 3201 1715 0 0 2 6935 6 352 0 6 27 81 0 0
1385138173 10388 2304339 11010 140 0 0 3201 1715 0 0 2 6935 6 370 0 6 27 81 0 0
1385139671 10388 2304339 11010 140 0 0 3201 1715 0 0 2 6935 6 377 0 6 27 81 0 0
1385310176 10430 2304339 11010 140 0 0 3201 1715 0 0 2 6935 6 377 0 6 27 81 0 0
1385314734 10448 2304339 11010 140 0 0 3201 1715 0 0 2 6935 6 377 0 6 27 81 0 0
1385315921 10460 2304339 11010 140 0 0 3201 1715 0 0 2 6935 6 377 0 6 27 81 0 0
1385318415 10464 2304339 11010 140 0 0 3201 1715 0 0 2 6935 6 377 0 6 27 81 0 0
1385482570 10464 2304339 11010 140 0 0 3201 1715 0 0 2 6935 6 377 0 6 27 81 0 0
1385482583 10781 2304339 11010 140 0 0 3201 1715 0 0 2 6935 6 377 0 6 27 81 0 0
1385487101 10789 2304339 11010 140 0 0 3201 1715 0 0 2 6935 6 377 0 6 27 81 0 0
1385545805 10789 2304339 11010 140 0 0 3201 1715 0 0 2 6935 6 377 0 6 27 81 0 0
1385554039 10796 2304339 11010 140 0 0 3201 1715 0 0 2 6935 6 377 0 6 27 81 0 0
1385584422 10796 2329023 11010 140 0 926 3201 1715 0 0 2 6935 6 377 542 6 27 81 0 68
1385587004 10796 2329035 11010 140 0 926 3201 1715 0 0 2 6935 6 377 542 6 27 81 0 68
1385589320 10796 2343084 11010 140 0 926 3201 1715 0 0 2 6935 6 377 542 6 27 81 0 68
1385639574 10805 2343084 11010 140 0 926 3201 1715 0 0 2 6935 6 377 542 6 27 81 0 68
1385639764 10809 2343084 11010 140 0 926 3201 1715 0 0 2 6935 6 377 542 6 27 81 0 68
1385641101 10817 2343084 11010 140 0 926 3201 1715 0 0 2 6935 6 377 542 6 27 81 0 68
1385647611 10837 2343084 11010 140 0 926 3201 1715 0 0 2 6935 6 377 542 6 27 81 0 68
1385649792 10838 2343084 11010 140 0 926 3201 1715 0 0 2 6935 6 377 542 6 27 81 0 68
1385652177 10838 2343084 11010 140 0 926 3201 1715 0 0 2 6935 6 377 542 6 27 81 0 68
1385668868 10838 2343086 11010 140 0 926 3201 1715 0 0 2 6935 6 377 542 6 27 81 0 68
1385668926 10838 2343106 11010 140 0 926 3201 1715 0 0 2 6935 6 377 542 6 27 81 0 68
1385669011 10838 2343106 11010 140 0 926 3201 1715 0 0 2 6935 6 377 542 6 27 81 0 68
1385723029 10870 2343106 11010 140 0 926 3201 1715 0 0 2 6935 6 377 542 6 27 81 0 68
1385758273 10870 2343811 11010 140 0 926 3201 1715 0 0 2 6935 6 377 542 6 27 81 0 68
1385758510 10870 2343811 11010 140 0 926 3201 1715 0 0 2 6935 6 377 542 6 27 81 0 68
1385997627 10870 2344536 11010 140 0 926 3201 1715 0 0 2 6935 6 377 542 6 27 81 0 68
1386005720 10870 2344818 11010 140 0 926 3201 1715 0 0 2 6935 6 377 542 6 27 81 0 68
1386016426 10870 2344859 11010 140 0 926 3201 1715 0 0 2 6935 6 377 542 6 27 81 0 68
1386177619 10870 2344861 11010 140 0 926 3201 1715 0 0 2 6935 6 377 542 6 27 81 0 68
1386188588 10870 2344861 11010 140 0 926 3201 1715 0 0 2 6935 6 377 542 6 27 81 0 68
1386589561 10872 2344861 11010 140 0 926 3201 1715 0 0 2 6935 6 377 542 6 27 81 0 68
1386698689 10872 2345280 11010 140 0 926 3201 1715 0 0 2 6935 6 377 542 6 27 81 0 68
1386785730 10877 2345280 11010 140 0 926 3201 1715 0 0 2 6935 6 377 542 6 27 81 0 68
1386791089 10877 2345294 11010 140 0 926 3201 1715 0 0 2 6935 6 377 542 6 27 81 0 68
1386798506 10877 2345508 11010 140 0 926 3201 1715 0 0 2 6935 6 377 542 6 27 81 0 68
1386861682 10877 2345703 11010 140 0 926 3201 1715 0 0 2 6935 6 377 542 6 27 81 0 68
1386864569 10877 2345954 11010 140 0 926 3201 1715 0 0 2 6935 6 377 542 6 27 81 0 68
1386959045 10877 2345957 11010 140 0 926 3201 1715 0 0 2 6935 6 377 542 6 27 81 0 68
1387566661 10877 2345957 11010 140 0 926 3201 1715 0 0 2 6935 6 377 542 6 27 81 0 68
1387566692 10877 2345957 11010 140 0 926 3201 1715 0 0 2 6935 6 377 542 6 27 81 0 68
1387569986 10877 2345960 11010 140 0 926 3201 1715 0 0 2 6935 6 377 542 6 27 81 0 68
1387668330 10877 2345960 11010 140 0 926 3201 1715 0 0 2 6935 6 377 542 6 27 81 0 68
1387668376 10877 2345960 11010 140 0 926 3201 1715 0 0 2 6935 6 377 542 6 27 81 0 68
1388530166 10877 2345960 11010 140 0 926 3201 1715 0 0 2 6935 7 377 542 6 27 81 0 68
1389781878 10877 2345960 11010 140 0 926 3201 1715 0 0 2 6935 7 377 542 6 27 81 0 68
1389891585 10877 2345982 11010 140 0 926 3201 1715 0 0 2 6935 7 377 542 6 27 81 0 68
1390210629 10877 2345982 11010 140 0 926 3201 1715 0 0 2 6935 7 377 542 6 27 81 0 68
1390251480 10877 2345983 11010 140 0 926 3201 1715 0 0 2 6935 7 377 542 6 27 81 0 68
1390251535 10877 2345983 11010 140 0 926 3201 1715 0 0 2 6935 7 377 542 6 27 81 0 68
1390326674 10877 2345983 11079 140 0 926 3201 1715 0 0 2 6935 7 377 542 6 27 81 0 68
1390407109 10877 2345987 11079 140 0 926 3201 1715 0 0 2 6935 7 377 542 6 27 81 0 68
1390407118 10877 2345987 11079 140 0 926 3201 1715 0 0 2 6935 7 377 542 6 27 81 0 68
1390836701 10877 2345988 11079 140 0 926 3201 1715 0 0 2 6935 7 377 542 6 27 81 0 68
1391074566 10877 2345988 11079 140 0 926 3201 1720 0 0 2 6935 7 377 542 6 27 81 0 68
1392213873 10976 2345988 11079 140 0 926 3201 1720 0 0 2 6935 7 377 542 6 27 81 0 68
1392218189 11088 2345988 11079 140 0 926 3201 1720 0 0 2 6935 7 377 542 6 27 81 0 68
1392219838 11110 2345988 11079 140 0 926 3201 1720 0 0 2 6935 7 377 542 6 27 81 0 68
1392220814 11159 2345988 11079 140 0 926 3201 1720 0 0 2 6935 7 377 542 6 27 81 0 68
1394702381 11160 2345988 11079 140 0 926 3201 1720 0 0 2 6935 7 377 542 6 27 81 0 68
1395867742 11160 2345988 11079 140 0 926 3201 1720 0 0 2 6935 7 377 542 6 27 81 3 68
1395871665 11160 2345988 11079 140 0 926 3201 1720 0 0 2 6935 7 377 542 6 27 81 3 68
1396509000 11160 2345988 11079 140 0 926 3201 1754 0 0 2 6935 7 377 542 6 27 81 3 68
1396510340 11160 2345988 11079 140 0 926 3201 1901 0 0 2 6935 7 377 542 6 27 81 3 68
1396715587 11160 2345988 11079 140 0 926 3201 1901 0 0 24784 6935 7 377 542 6 27 81 3 68
1397075532 11160 2345988 11079 140 0 926 3201 1901 0 0 24784 6935 7 377 542 6 27 81 3 68
1397475288 11160 2345988 11079 140 0 926 3201 1916 0 0 24784 6935 7 377 542 6 27 81 3 68
1397746588 11160 2345988 11079 140 0 926 4352 1916 0 0 24784 6935 7 377 542 6 27 81 3 68
1397746750 11160 2345988 11079 140 0 926 6211 1916 0 0 24784 6935 7 377 542 6 27 81 3 68
1398204128 11160 2345988 11079 140 0 926 6211 1916 0 0 24784 6935 125 377 542 6 27 81 3 68
1398253220 11160 2345988 11079 140 0 926 6467 1916 0 0 24784 6935 125 377 542 6 27 81 3 68
1398280002 11160 2345988 11079 140 0 926 6467 1916 0 0 24784 6935 125 377 542 6 27 81 3 68
1398292323 11160 2345988 11079 154 0 926 6467 1916 0 0 24784 6935 125 377 542 6 27 81 3 68
1398359941 11160 2345988 11079 154 0 926 6467 1916 0 0 24784 6935 125 377 542 6 27 81 3 68
1398739764 11160 2345988 11079 154 0 926 6467 1916 0 0 24784 6935 125 377 542 6 27 81 3 68
1398741810 11160 2345988 11079 154 0 926 6467 1916 0 0 24892 6935 125 377 542 6 27 81 3 68
1398743328 11160 2345988 11079 154 0 926 6467 1916 0 0 24894 6935 125 377 542 6 27 81 3 68
1398743858 11160 2345988 11079 154 0 926 6467 1916 0 0 24904 6935 125 377 542 6 27 81 3 68
1398788668 11160 2345990 11079 154 0 926 6467 1916 0 0 24904 6935 125 377 542 6 27 81 3 68
1398900500 11160 2345990 11079 157 0 926 6467 1916 0 0 24904 6935 125 377 542 6 27 81 3 68
1398900799 11160 2345990 11079 157 0 926 6467 1916 0 0 24904 6935 125 377 542 6 27 81 3 68
1398900852 11160 2345990 11079 158 0 926 6467 1916 0 0 24904 6935 125 377 542 6 27 81 3 68
1398900929 11160 2345990 11079 158 0 926 6467 1916 0 0 24904 6935 125 377 542 6 27 81 3 68
1398903670 11160 2345990 11079 158 0 926 6467 1916 0 0 24904 6935 125 377 542 6 27 81 3 68
1398903671 11160 2345990 11079 158 0 926 6467 1916 0 0 24904 6935 125 377 542 6 27 81 3 68
1399136235 11160 2345990 11079 158 0 926 6467 1916 0 0 24904 6935 125 377 542 6 27 81 3 68
1399138029 11160 2345990 11079 158 0 926 6467 1916 0 0 24904 6935 125 377 542 6 27 81 3 68
1399138404 11160 2345990 11079 158 0 926 6467 1916 0 0 25410 6935 125 377 542 6 27 81 3 68
1399146703 11160 2345990 11079 158 0 926 6467 1916 0 0 25489 6935 125 377 542 6 27 81 3 68
1399998105 11160 2345990 11079 169 0 926 6467 1916 0 0 25489 6935 125 377 542 6 27 81 3 68
1400076367 11160 2345990 11079 169 0 926 6467 1916 0 0 25489 6935 143 377 542 6 27 81 3 68
1400631788 11160 2345990 11079 169 0 926 6467 1916 0 0 25489 6935 143 377 542 6 27 81 3 68
1400631901 11160 2345990 11085 169 0 926 6467 1916 0 0 25489 6935 143 377 542 6 27 81 3 68
1400763432 11172 2345990 11085 169 0 926 6467 1916 0 0 25489 6935 143 377 542 6 27 81 3 68
1401281742 11172 2345990 11085 169 0 926 6467 1916 0 0 25489 6935 143 377 542 6 27 81 3 68
1402255365 11172 2345990 11085 169 0 926 6467 1916 0 0 25489 6935 149 377 542 6 27 81 3 68
1402255401 11172 2345990 11085 169 0 926 6467 1916 0 0 25489 6935 149 377 542 6 27 81 3 68
1402264476 11172 2345990 11085 169 0 926 6467 1916 0 0 25489 6935 149 377 542 6 27 81 3 68
1402265599 11172 2345990 11085 169 0 926 6467 1916 0 0 25489 6935 174 377 542 6 27 81 3 68
1402265623 11172 2345990 11085 169 0 926 6467 1916 0 0 25489 6935 174 377 542 6 27 81 8 68
1403638841 11172 2345990 11085 169 0 926 6467 1916 0 0 25489 6935 174 377 542 6 27 81 8 68
1404950667 11177 2345990 11085 169 0 926 6467 1916 0 0 25489 6935 174 377 542 6 27 81 8 68
1406755466 11222 2345990 11085 169 0 926 6467 1916 0 0 25489 6935 174 377 542 6 27 81 8 68
1407188598 11236 2345990 11085 169 0 926 6467 1916 0 0 25489 6935 174 377 542 6 27 81 8 68
1407459651 11237 2345990 11085 169 0 926 6467 1916 0 0 25489 6935 174 377 542 6 27 81 8 68
1407460145 11250 2345990 11085 169 0 926 6467 1916 0 0 25489 6935 174 377 542 6 27 81 8 68
1412677949 11432 2345990 11085 169 0 926 6467 1916 0 0 25489 6935 174 377 542 6 27 81 8 68
1413675265 11432 2345990 11085 169 0 926 6467 1916 0 0 25489 6935 174 377 542 6 27 81 8 68
1413675358 11432 2345990 11085 169 0 926 6467 1916 0 0 25489 6935 174 377 542 6 27 81 8 68
1413681475 11444 2345990 11085 169 0 926 6467 1916 0 0 25489 6935 174 377 542 6 27 81 8 68
1413821153 11444 2345990 11085 169 0 926 6467 1916 0 0 25489 6935 174 377 542 6 27 81 8 68
1413821996 11463 2345990 11085 169 0 926 6467 1916 0 0 25489 6935 174 377 542 6 27 81 8 68
1413934057 11463 2345990 11085 169 0 926 6467 1916 0 460 25489 6935 174 377 542 6 27 81 8 68
1413991698 11475 2345990 11085 169 0 926 6467 1916 0 460 25489 6935 174 377 542 6 27 81 8 68
1414054275 11488 2345990 11085 169 0 926 6467 1916 0 460 25489 6935 174 377 542 6 27 81 8 68
1414061999 11522 2345990 11085 169 0 926 6467 1916 0 460 25489 6935 174 377 542 6 27 81 8 68
1414063898 11528 2345990 11085 169 0 926 6467 1916 0 460 25489 6935 174 377 542 6 27 81 8 68
1414079705 11546 2345990 11085 169 0 926 6467 1916 0 460 25489 6935 174 377 542 6 27 81 8 68
1414176405 11546 2345990 11085 169 0 926 6467 1916 0 460 25489 6935 174 377 542 6 27 81 8 68
1414444424 11546 2345990 11085 169 0 926 6467 1916 0 461 25489 6935 174 377 542 6 27 81 8 68
1414500061 11554 2345990 11085 169 0 926 6467 1916 0 461 25489 6935 174 377 542 6 27 81 8 68
1414501305 11565 2345990 11085 169 0 926 6467 1916 0 461 25489 6935 174 377 542 6 27 81 8 68
1414510578 11565 2345990 11085 169 0 926 6467 1916 0 461 25489 6935 174 377 542 6 27 81 8 68
1414588695 11595 2345990 11085 169 0 926 6467 1916 0 461 25489 6935 174 377 542 6 27 81 8 68
1414588941 11597 2345990 11085 169 0 926 6467 1916 0 461 25489 6935 174 377 542 6 27 81 8 68
1414593276 11598 2345990 11085 169 0 926 6467 1916 0 461 25489 6935 174 377 542 6 27 81 8 68
1414594486 11606 2345990 11085 169 0 926 6467 1916 0 461 25489 6935 174 377 542 6 27 81 8 68
1414596842 11627 2345990 11085 169 0 926 6467 1916 0 461 25489 6935 174 377 542 6 27 81 8 68
1414598036 11631 2345990 11085 169 0 926 6467 1916 0 461 25489 6935 174 377 542 6 27 81 8 68
1414604847 11683 2345990 11085 169 0 926 6467 1916 0 461 25489 6935 174 377 542 6 27 81 8 68
1414611914 11683 2345990 11085 169 0 926 6467 1916 0 461 25561 6935 174 377 542 6 27 81 8 68
1414621810 11707 2345990 11085 169 0 926 6467 1916 0 461 25561 6935 174 377 542 6 27 81 8 68
1414622254 11707 2345990 11085 169 0 926 6467 1916 0 461 25561 6935 174 377 542 6 27 81 8 68
1414622830 11708 2345990 11085 169 0 926 6467 1916 0 461 25561 6935 174 377 542 6 27 81 8 68
1414623383 11713 2345990 11085 169 0 926 6467 1916 0 461 25561 6935 174 377 542 6 27 81 8 68
1414664237 11713 2345990 11085 169 0 926 6467 1916 0 461 25561 6935 174 377 542 6 27 81 8 68
1414698683 11713 2345990 11085 169 0 926 6467 1916 0 461 25640 6935 174 377 542 6 27 81 8 68
1414706789 11713 2345990 11085 169 0 926 6467 1916 0 461 25640 6935 174 377 542 6 27 81 8 68
1414710680 11713 2345990 11085 169 0 926 6467 1916 0 660 25640 6935 174 377 542 6 27 81 8 68
1414712695 11713 2345990 11085 169 0 926 6467 1916 0 663 25640 6935 174 377 542 6 27 81 8 68
1414714414 11713 2345990 11085 169 0 926 6467 1916 0 664 25640 6935 174 377 542 6 27 81 8 68
1414952029 11713 2345990 11085 169 0 926 6467 1916 0 664 25640 6935 174 377 542 6 27 81 8 68
1415027787 11713 2345990 11085 169 0 926 6474 1916 0 664 25640 6935 174 377 542 6 27 81 8 68
1415028797 11713 2345990 11085 169 0 926 6477 1916 0 664 25640 6935 174 377 542 6 27 81 8 68
1415028850 11713 2345990 11085 169 0 926 6479 1916 0 664 25640 6935 174 377 542 6 27 81 8 68
1415037720 11713 2345990 11085 169 0 926 6479 1916 22 664 25640 6935 174 377 542 6 27 81 8 68
1415187820 11714 2345990 11085 169 0 926 6479 1916 22 664 25640 6935 174 377 542 6 27 81 8 68
1415188063 11715 2345990 11085 169 0 926 6479 1916 22 664 25640 6935 174 377 542 6 27 81 8 68
1415192543 11731 2345990 11085 169 0 926 6479 1916 22 664 25640 6935 174 377 542 6 27 81 8 68
1415193278 11732 2345990 11085 169 0 926 6479 1916 22 664 25640 6935 174 377 542 6 27 81 8 68
1415193420 11732 2345990 11085 169 0 926 6479 1916 22 664 25640 6935 174 377 542 6 27 81 8 68
1415197263 11762 2345990 11085 169 0 926 6479 1916 22 664 25640 6935 174 377 542 6 27 81 8 68
1415199011 11779 2345990 11085 169 0 926 6479 1916 22 664 25640 6935 174 377 542 6 27 81 8 68
1415200787 11844 2345990 11085 169 0 926 6479 1916 22 664 25640 6935 174 377 542 6 27 81 8 68
1415207335 11861 2345990 11085 169 0 926 6479 1916 22 664 25640 6935 174 377 542 6 27 81 8 68
1415272524 12050 2345990 11085 169 0 926 6479 1916 22 664 25640 6935 174 377 542 6 27 81 8 68
1415282516 12639 2345990 11085 169 0 926 6479 1916 22 664 25640 6935 174 377 542 6 27 81 8 68
1415283962 12714 2345990 11085 169 0 926 6479 1916 22 664 25640 6935 174 377 542 6 27 81 8 68
1415285029 12761 2345990 11085 169 0 926 6479 1916 22 664 25640 6935 174 377 542 6 27 81 8 68
1415289186 12809 2345990 11085 169 0 926 6479 1916 22 664 25640 6935 174 377 542 6 27 81 8 68
1415402630 12809 2345990 11085 169 0 926 6479 1916 22 762 25640 6935 174 377 542 6 27 81 8 68
1415406030 12809 2345990 11085 169 0 926 6479 1916 22 764 25640 6935 174 377 542 6 27 81 8 68
1415637642 12809 2345990 11085 169 0 926 6479 1916 22 764 25640 6935 174 377 542 6 27 81 8 68
1415661578 12864 2345990 11085 169 0 926 6479 1916 22 764 25640 6935 174 377 542 6 27 81 8 68
1415662737 12867 2345990 11085 169 0 926 6479 1916 22 764 25640 6935 174 377 542 6 27 81 8 68
1415665746 12896 2345990 11085 169 0 926 6479 1916 22 764 25640 6935 174 377 542 6 27 81 8 68
1415701235 13013 2345990 11085 169 0 926 6479 1916 22 764 25640 6935 174 377 542 6 27 81 8 68
1415701514 13013 2345990 11085 169 0 926 6479 1916 22 764 25640 6935 174 377 542 6 27 81 8 68
1415701782 13041 2345990 11085 169 0 926 6479 1916 22 764 25640 6935 174 377 542 6 27 81 8 68
1415701878 13041 2345990 11085 169 0 926 6479 1916 22 764 25640 6935 174 377 542 6 27 81 8 68
1415703216 13045 2345990 11085 169 0 926 6479 1916 22 764 25640 6935 174 377 542 6 27 81 8 68
1415703661 13054 2345990 11085 169 0 926 6479 1916 22 764 25640 6935 174 377 542 6 27 81 8 68
1415703915 13054 2345990 11085 169 0 926 6479 1916 22 764 25640 6935 174 377 542 6 27 81 8 68
1415789032 13064 2345990 11085 169 0 926 6479 1916 22 764 25640 6935 174 377 542 6 27 81 8 68
1415834719 13107 2345990 11085 169 0 926 6479 1916 22 764 25640 6935 174 377 542 6 27 81 8 68
1415834877 13107 2345990 11085 169 0 926 6479 1916 22 764 25640 6935 174 377 542 6 27 81 8 68
1415871287 13403 2345990 11085 169 0 926 6479 1916 22 764 25640 6935 174 377 542 6 27 81 8 68
1415871461 13404 2345990 11085 169 0 926 6479 1916 22 764 25640 6935 174 377 542 6 27 81 8 68
1415872289 13428 2345990 11085 169 0 926 6479 1916 22 764 25640 6935 174 377 542 6 27 81 8 68
1415930395 13646 2345990 11085 169 0 926 6479 1916 22 764 25640 6935 174 377 542 6 27 81 8 68
1416005989 13646 2345990 11085 169 0 926 6479 1916 22 953 25640 6935 174 377 542 6 27 81 8 68
1416173495 13652 2345990 11085 169 0 926 6479 1916 22 953 25640 6935 174 377 542 6 27 81 8 68
1416265266 13652 2345990 11085 169 0 926 6479 1916 22 1301 25640 6935 174 377 542 6 27 81 8 68
1416268663 13652 2345990 11085 169 0 926 6479 1916 22 1365 25640 6935 174 377 542 6 27 81 8 68
1416303784 13653 2345990 11085 169 0 926 6479 1916 22 1365 25640 6935 174 377 542 6 27 81 8 68
1416324977 13747 2345990 11085 169 0 926 6479 1916 22 1365 25640 6935 174 377 542 6 27 81 8 68
1416351837 13842 2345990 11085 169 0 926 6479 1916 22 1365 25640 6935 174 377 542 6 27 81 8 68
1416352923 13943 2345990 11085 169 0 926 6479 1916 22 1365 25640 6935 174 377 542 6 27 81 8 68
1416436698 13943 2345990 11085 169 0 926 6479 1916 22 1384 25640 6935 174 377 542 6 27 81 8 68
1416474573 13946 2345990 11085 169 0 926 6479 1916 22 1384 25640 6935 174 377 542 6 27 81 8 68
1416475356 13946 2345990 11085 169 0 926 6479 1916 22 1384 25640 6935 174 377 542 6 27 81 8 68
1416509286 13948 2345990 11085 169 0 926 6479 1916 22 1384 25640 6935 174 377 542 6 27 81 8 68
1416613853 13948 2345990 11085 169 0 926 6479 1916 22 1384 25640 6935 174 377 546 6 27 81 8 68
1416676997 13955 2345990 11085 169 0 926 6479 1916 22 1384 25640 6935 174 377 546 6 27 81 8 68
1416677997 13956 2345990 11085 169 0 926 6479 1916 22 1384 25640 6935 174 377 546 6 27 81 8 68
1416678516 13984 2345990 11085 169 0 926 6479 1916 22 1384 25640 6935 174 377 546 6 27 81 8 68
1416678978 13988 2345990 11085 169 0 926 6479 1916 22 1384 25640 6935 174 377 546 6 27 81 8 68
1416689919 13991 2345990 11085 169 0 926 6479 1916 22 1384 25640 6935 174 377 546 6 27 81 8 68
1416773165 13994 2345990 11085 169 0 926 6479 1916 22 1384 25640 6935 174 377 546 6 27 81 8 68
1416867255 13998 2345990 11085 169 0 926 6479 1916 22 1384 25640 6935 174 377 546 6 27 81 8 68
1416951799 13998 2345990 11085 169 17 926 6479 1916 22 1384 25640 6935 174 377 546 6 27 81 8 68
1416963719 13998 2345990 11085 169 17 926 6479 1916 22 1384 25640 6935 174 377 546 6 27 81 8 68
1417046607 13998 2345990 11085 169 101 926 6479 1916 22 1384 25640 6935 174 377 546 6 27 81 8 68
1417115250 13998 2345990 11085 169 101 926 6479 1916 22 1384 25640 6935 174 377 546 6 27 81 8 68
1417116051 13998 2345990 11085 169 102 926 6479 1916 22 1384 25640 6935 174 377 546 6 27 81 8 68
1417477144 13998 2345990 11085 169 102 926 6479 1916 22 1384 25640 6935 174 377 579 6 27 81 8 68
1417559152 13998 2345990 11085 169 102 926 6479 1916 22 1384 25640 6935 174 377 579 6 27 81 8 68
1417559465 13998 2345990 11085 169 105 926 6479 1916 22 1384 25640 6935 174 377 579 6 27 81 8 68
1417649972 14008 2345990 11085 169 105 926 6479 1916 22 1384 25640 6935 174 377 579 6 27 81 8 68
1417693040 14068 2345990 11085 169 105 926 6479 1916 22 1384 25640 6935 174 377 579 6 27 81 8 68
1417696392 14069 2345990 11085 169 105 926 6479 1916 22 1384 25640 6935 174 377 579 6 27 81 8 68
1417697744 14129 2345990 11085 169 105 926 6479 1916 22 1384 25640 6935 174 377 579 6 27 81 8 68
1417697809 14149 2345990 11085 169 105 926 6479 1916 22 1384 25640 6935 174 377 579 6 27 81 8 68
1417697847 14149 2345990 11085 169 105 926 6479 1916 22 1384 25640 6935 174 377 579 6 27 81 8 68
1417699008 14153 2345990 11085 169 105 926 6479 1916 22 1384 25640 6935 174 377 579 6 27 81 8 68
1417808806 14153 2345990 11085 169 111 926 6479 1916 22 1384 25640 6935 174 377 579 6 27 81 8 68
1418087050 14153 2345990 11085 169 111 926 6479 1916 22 1384 25640 6935 174 377 579 6 27 81 8 68
1418151647 14153 2345990 11085 169 118 926 6479 1916 22 1384 25640 6935 174 377 579 6 27 81 8 68
1418157516 14153 2345990 11085 169 128 926 6479 1916 22 1384 25640 6935 174 377 579 6 27 81 8 68
1418246372 14153 2345990 11085 169 129 926 6479 1916 22 1384 25640 6935 174 377 579 6 27 81 8 68
1418255226 14153 2345990 11085 169 1166 926 6479 1916 22 1384 25640 6935 174 377 579 6 27 81 8 68
1418346154 14153 2345990 11085 169 1166 926 6479 1916 22 1384 25640 6935 174 377 677 6 27 81 8 68
1418375550 14153 2345990 11085 169 1166 926 6479 1916 22 1384 25640 6935 174 377 677 6 27 81 8 68
1418381400 14154 2345990 11085 169 1166 926 6479 1916 22 1384 25640 6935 174 377 677 6 27 81 8 68
1418390895 14154 2345990 11085 169 1166 926 6479 1916 30 1384 25640 6935 174 377 677 6 27 81 8 68
1418391603 14154 2345990 11085 169 1166 926 6479 1916 41 1384 25640 6935 174 377 677 6 27 81 8 68
1418419538 14201 2345990 11085 169 1166 926 6479 1916 41 1384 25640 6935 174 377 677 6 27 81 8 68
1418420095 14201 2345990 11085 169 1166 926 6479 1916 41 1384 25640 6935 174 377 677 6 27 81 8 68
1418423242 14215 2345990 11085 169 1166 926 6479 1916 41 1384 25640 6935 174 377 677 6 27 81 8 68
1418423451 14217 2345990 11085 169 1166 926 6479 1916 41 1384 25640 6935 174 377 677 6 27 81 8 68
1418433710 14217 2345990 11085 169 1174 926 6479 1916 41 1384 25640 6935 174 377 677 6 27 81 8 68
1418433782 14220 2345990 11085 169 1174 926 6479 1916 41 1384 25640 6935 174 377 677 6 27 81 8 68
1418730532 14220 2345990 11085 169 1174 926 6479 1916 42 1384 25640 6935 174 377 677 6 27 81 8 68
1418839379 14220 2345990 11085 169 1174 926 6479 1916 48 1384 25640 6935 174 377 677 6 27 81 8 68
1418843906 14220 2345990 11085 169 1255 926 6479 1916 48 1384 25640 6935 174 377 677 6 27 81 8 68
1418844362 14220 2345990 11085 169 1520 926 6479 1916 48 1384 25640 6935 174 377 677 6 27 81 8 68
1418844947 14220 2345990 11085 169 1520 926 6479 1916 48 1384 25640 6935 174 377 677 6 27 81 8 68
1418846093 14220 2345990 11085 169 1520 926 6479 1916 48 1384 25640 6935 174 377 677 6 27 81 8 68
1418850696 14585 2345990 11085 169 1520 926 6479 1916 48 1384 25640 6935 174 377 677 6 27 81 8 68
1418851186 14596 2345990 11085 169 1520 926 6479 1916 48 1384 25640 6935 174 377 677 6 27 81 8 68
1418851726 14622 2345990 11085 169 1520 926 6479 1916 48 1384 25640 6935 174 377 677 6 27 81 8 68
1418851919 14635 2345990 11085 169 1520 926 6479 1916 48 1384 25640 6935 174 377 677 6 27 81 8 68
1418852472 14635 2345990 11085 169 1612 926 6479 1916 48 1384 25640 6935 174 377 677 6 27 81 8 68
1418854566 14635 2345990 11085 169 1632 926 6479 1916 48 1384 25640 6935 174 377 677 6 27 81 8 68
1418854676 14791 2345990 11085 169 1632 926 6479 1916 48 1384 25640 6935 174 377 677 6 27 81 8 68
1418855272 14791 2345990 11085 169 1632 926 6479 1916 48 1384 25640 6935 174 377 677 6 27 81 8 68
1418855847 14792 2345990 11085 169 1632 926 6479 1916 48 1384 25640 6935 174 377 677 6 27 81 8 68
1418855885 14793 2345990 11085 169 1632 926 6479 1916 48 1384 25640 6935 174 377 677 6 27 81 8 68
1418855932 14793 2345990 11085 169 1632 926 6479 1916 48 1384 25640 6935 174 377 677 6 27 81 8 68
1418940301 14797 2345990 11085 169 1632 926 6479 1916 48 1384 25640 6935 174 377 677 6 27 81 8 68
1418982553 14797 2345990 11085 169 1632 926 6479 1916 49 1384 25640 6935 174 377 677 6 27 81 8 68
1418989996 14797 2345990 11085 169 1632 926 6479 1916 49 1384 25640 6935 174 377 677 6 27 81 8 68
1418994485 14815 2345990 11085 169 1632 926 6479 1916 49 1384 25640 6935 174 377 677 6 27 81 8 68
1418994916 14824 2345990 11085 169 1632 926 6479 1916 49 1384 25640 6935 174 377 677 6 27 81 8 68
1418995097 14824 2345990 11085 169 1632 926 6479 1916 49 1384 25640 6935 174 377 677 6 27 81 8 68
1418995156 14824 2345990 11085 169 1632 926 6479 1916 49 1384 25640 6935 174 377 677 6 27 81 8 68
1418995170 14826 2345990 11085 169 1632 926 6479 1916 49 1384 25640 6935 174 377 677 6 27 81 8 68
1419003669 14847 2345990 11085 169 1632 926 6479 1916 49 1384 25640 6935 174 377 677 6 27 81 8 68
1419098906 14899 2345990 11085 169 1632 926 6479 1916 49 1384 25640 6935 174 377 677 6 27 81 8 68
1419120947 14900 2345990 11085 169 1632 926 6479 1916 49 1384 25640 6935 174 377 677 6 27 81 8 68
1419121005 14901 2345990 11085 169 1632 926 6479 1916 49 1384 25640 6935 174 377 677 6 27 81 8 68
1419121115 14926 2345990 11085 169 1632 926 6479 1916 49 1384 25640 6935 174 377 677 6 27 81 8 68
1419121249 14991 2345990 11085 169 1632 926 6479 1916 49 1384 25640 6935 174 377 677 6 27 81 8 68
1419194533 15009 2345990 11085 169 1632 926 6479 1916 49 1384 25640 6935 174 377 677 6 27 81 8 68
1419204605 15010 2345990 11085 169 1632 926 6479 1916 49 1384 25640 6935 174 377 677 6 27 81 8 68
1419204648 15011 2345990 11085 169 1632 926 6479 1916 49 1384 25640 6935 174 377 677 6 27 81 8 68
1419204719 15131 2345990 11085 169 1632 926 6479 1916 49 1384 25640 6935 174 377 677 6 27 81 8 68
1419210096 15133 2345990 11085 169 1632 926 6479 1916 49 1384 25640 6935 174 377 677 6 27 81 8 68
1419211876 15155 2345990 11085 169 1632 926 6479 1916 49 1384 25640 6935 174 377 677 6 27 81 8 68
1419269297 15155 2345990 11085 169 1632 926 6479 1916 49 1384 25640 6935 174 377 677 6 27 81 8 68
1419440168 15155 2345990 11085 169 1632 926 6630 1916 49 1384 25640 6935 174 377 677 6 27 81 8 68
1419440295 15155 2345990 11085 169 1632 926 6636 1916 49 1384 25640 6935 174 377 677 6 27 81 8 68
1419440760 15155 2345990 11085 169 1632 926 6740 1916 49 1384 25640 6935 174 377 677 6 27 81 8 68
1419440931 15155 2345990 11085 169 1632 926 6768 1916 49 1384 25640 6935 174 377 677 6 27 81 8 68
1419442010 15155 2345990 11085 169 1632 926 6821 1916 49 1384 25640 6935 174 377 677 6 27 81 8 68
1420047200 15155 2345990 11085 169 1632 926 6821 1916 49 1384 25640 6935 174 377 677 6 27 81 8 68
1421793937 15155 2345990 11085 169 1632 926 6821 1916 49 1408 25640 6935 174 377 677 6 27 81 8 68
1422320333 15155 2345990 11085 169 1632 926 6821 1916 49 1411 25640 6935 174 377 677 6 27 81 8 68
1422352190 15177 2345990 11085 169 1632 926 6821 1916 49 1411 25640 6935 174 377 677 6 27 81 8 68
1424256688 15177 2345990 11085 169 1632 926 6821 1916 51 1411 25640 6935 174 377 677 6 27 81 8 68
1424476106 15197 2345990 11085 169 1632 926 6821 1916 51 1411 25640 6935 174 377 677 6 27 81 8 68
1426876045 15197 2345990 11085 169 1632 926 6821 1916 51 1411 25640 6935 174 377 677 6 27 81 8 68
1426876106 15197 2345990 11085 169 1632 926 6821 1916 51 1411 25640 6935 174 377 677 6 27 81 8 68
1426876148 15197 2345990 11085 169 1632 926 6821 1916 51 1411 25640 6935 174 377 677 6 27 81 8 68
1427295380 15198 2345990 11085 169 1632 926 6821 1916 51 1411 25640 6935 174 377 677 6 27 81 8 68
1430855494 15198 2345990 11085 169 1632 926 6821 1916 51 1411 25640 6935 174 377 677 6 27 81 8 68
